  -1.0000000e+00   0.0000000e+00   0.0000000e+00   3.2000000e+02
   0.0000000e+00  -1.0000000e+00   0.0000000e+00   3.2000000e+02
   0.0000000e+00   0.0000000e+00  -1.0000000e+00   3.2000000e+02
  -7.0710678e-01  -7.0710678e-01   0.0000000e+00   6.4000000e+02
  -7.0710678e-01   0.0000000e+00  -7.0710678e-01   6.4000000e+02
  -7.0710678e-01   0.0000000e+00   7.0710678e-01   6.4000000e+02
  -7.0710678e-01   7.0710678e-01   0.0000000e+00   6.4000000e+02
   0.0000000e+00  -7.0710678e-01  -7.0710678e-01   6.4000000e+02
   0.0000000e+00  -7.0710678e-01   7.0710678e-01   6.4000000e+02
  -5.7735027e-01  -5.7735027e-01  -5.7735027e-01   9.6000000e+02
  -5.7735027e-01  -5.7735027e-01   5.7735027e-01   9.6000000e+02
  -5.7735027e-01   5.7735027e-01  -5.7735027e-01   9.6000000e+02
  -5.7735027e-01   5.7735027e-01   5.7735027e-01   9.6000000e+02
  -1.0000000e+00   0.0000000e+00   0.0000000e+00   1.2800000e+03
   0.0000000e+00  -1.0000000e+00   0.0000000e+00   1.2800000e+03
   0.0000000e+00   0.0000000e+00  -1.0000000e+00   1.2800000e+03
  -8.9442719e-01  -4.4721360e-01   0.0000000e+00   1.6000000e+03
  -8.9442719e-01   0.0000000e+00  -4.4721360e-01   1.6000000e+03
  -8.9442719e-01   0.0000000e+00   4.4721360e-01   1.6000000e+03
  -8.9442719e-01   4.4721360e-01   0.0000000e+00   1.6000000e+03
  -4.4721360e-01  -8.9442719e-01   0.0000000e+00   1.6000000e+03
  -4.4721360e-01   0.0000000e+00  -8.9442719e-01   1.6000000e+03
  -4.4721360e-01   0.0000000e+00   8.9442719e-01   1.6000000e+03
  -4.4721360e-01   8.9442719e-01   0.0000000e+00   1.6000000e+03
   0.0000000e+00  -8.9442719e-01  -4.4721360e-01   1.6000000e+03
   0.0000000e+00  -8.9442719e-01   4.4721360e-01   1.6000000e+03
   0.0000000e+00  -4.4721360e-01  -8.9442719e-01   1.6000000e+03
   0.0000000e+00  -4.4721360e-01   8.9442719e-01   1.6000000e+03
  -8.1649658e-01  -4.0824829e-01  -4.0824829e-01   1.9200000e+03
  -8.1649658e-01  -4.0824829e-01   4.0824829e-01   1.9200000e+03
  -8.1649658e-01   4.0824829e-01  -4.0824829e-01   1.9200000e+03
  -8.1649658e-01   4.0824829e-01   4.0824829e-01   1.9200000e+03
  -4.0824829e-01  -8.1649658e-01  -4.0824829e-01   1.9200000e+03
  -4.0824829e-01  -8.1649658e-01   4.0824829e-01   1.9200000e+03
  -4.0824829e-01  -4.0824829e-01  -8.1649658e-01   1.9200000e+03
  -4.0824829e-01  -4.0824829e-01   8.1649658e-01   1.9200000e+03
  -4.0824829e-01   4.0824829e-01  -8.1649658e-01   1.9200000e+03
  -4.0824829e-01   4.0824829e-01   8.1649658e-01   1.9200000e+03
  -4.0824829e-01   8.1649658e-01  -4.0824829e-01   1.9200000e+03
  -4.0824829e-01   8.1649658e-01   4.0824829e-01   1.9200000e+03
  -7.0710678e-01  -7.0710678e-01   0.0000000e+00   2.5600000e+03
  -7.0710678e-01   0.0000000e+00  -7.0710678e-01   2.5600000e+03
  -7.0710678e-01   0.0000000e+00   7.0710678e-01   2.5600000e+03
  -7.0710678e-01   7.0710678e-01   0.0000000e+00   2.5600000e+03
   0.0000000e+00  -7.0710678e-01  -7.0710678e-01   2.5600000e+03
   0.0000000e+00  -7.0710678e-01   7.0710678e-01   2.5600000e+03
  -1.0000000e+00   0.0000000e+00   0.0000000e+00   2.8800000e+03
  -6.6666667e-01  -6.6666667e-01  -3.3333333e-01   2.8800000e+03
  -6.6666667e-01  -6.6666667e-01   3.3333333e-01   2.8800000e+03
  -6.6666667e-01  -3.3333333e-01  -6.6666667e-01   2.8800000e+03
  -6.6666667e-01  -3.3333333e-01   6.6666667e-01   2.8800000e+03
  -6.6666667e-01   3.3333333e-01  -6.6666667e-01   2.8800000e+03
  -6.6666667e-01   3.3333333e-01   6.6666667e-01   2.8800000e+03
  -6.6666667e-01   6.6666667e-01  -3.3333333e-01   2.8800000e+03
  -6.6666667e-01   6.6666667e-01   3.3333333e-01   2.8800000e+03
  -3.3333333e-01  -6.6666667e-01  -6.6666667e-01   2.8800000e+03
  -3.3333333e-01  -6.6666667e-01   6.6666667e-01   2.8800000e+03
  -3.3333333e-01   6.6666667e-01  -6.6666667e-01   2.8800000e+03
  -3.3333333e-01   6.6666667e-01   6.6666667e-01   2.8800000e+03
   0.0000000e+00  -1.0000000e+00   0.0000000e+00   2.8800000e+03
   0.0000000e+00   0.0000000e+00  -1.0000000e+00   2.8800000e+03
  -9.4868330e-01  -3.1622777e-01   0.0000000e+00   3.2000000e+03
  -9.4868330e-01   0.0000000e+00  -3.1622777e-01   3.2000000e+03
  -9.4868330e-01   0.0000000e+00   3.1622777e-01   3.2000000e+03
  -9.4868330e-01   3.1622777e-01   0.0000000e+00   3.2000000e+03
  -3.1622777e-01  -9.4868330e-01   0.0000000e+00   3.2000000e+03
  -3.1622777e-01   0.0000000e+00  -9.4868330e-01   3.2000000e+03
  -3.1622777e-01   0.0000000e+00   9.4868330e-01   3.2000000e+03
  -3.1622777e-01   9.4868330e-01   0.0000000e+00   3.2000000e+03
   0.0000000e+00  -9.4868330e-01  -3.1622777e-01   3.2000000e+03
   0.0000000e+00  -9.4868330e-01   3.1622777e-01   3.2000000e+03
   0.0000000e+00  -3.1622777e-01  -9.4868330e-01   3.2000000e+03
   0.0000000e+00  -3.1622777e-01   9.4868330e-01   3.2000000e+03
  -9.0453403e-01  -3.0151134e-01  -3.0151134e-01   3.5200000e+03
  -9.0453403e-01  -3.0151134e-01   3.0151134e-01   3.5200000e+03
  -9.0453403e-01   3.0151134e-01  -3.0151134e-01   3.5200000e+03
  -9.0453403e-01   3.0151134e-01   3.0151134e-01   3.5200000e+03
  -3.0151134e-01  -9.0453403e-01  -3.0151134e-01   3.5200000e+03
  -3.0151134e-01  -9.0453403e-01   3.0151134e-01   3.5200000e+03
  -3.0151134e-01  -3.0151134e-01  -9.0453403e-01   3.5200000e+03
  -3.0151134e-01  -3.0151134e-01   9.0453403e-01   3.5200000e+03
  -3.0151134e-01   3.0151134e-01  -9.0453403e-01   3.5200000e+03
  -3.0151134e-01   3.0151134e-01   9.0453403e-01   3.5200000e+03
  -3.0151134e-01   9.0453403e-01  -3.0151134e-01   3.5200000e+03
  -3.0151134e-01   9.0453403e-01   3.0151134e-01   3.5200000e+03
  -5.7735027e-01  -5.7735027e-01  -5.7735027e-01   3.8400000e+03
  -5.7735027e-01  -5.7735027e-01   5.7735027e-01   3.8400000e+03
  -5.7735027e-01   5.7735027e-01  -5.7735027e-01   3.8400000e+03
  -5.7735027e-01   5.7735027e-01   5.7735027e-01   3.8400000e+03
  -8.3205029e-01  -5.5470020e-01   0.0000000e+00   4.1600000e+03
  -8.3205029e-01   0.0000000e+00  -5.5470020e-01   4.1600000e+03
  -8.3205029e-01   0.0000000e+00   5.5470020e-01   4.1600000e+03
  -8.3205029e-01   5.5470020e-01   0.0000000e+00   4.1600000e+03
  -5.5470020e-01  -8.3205029e-01   0.0000000e+00   4.1600000e+03
  -5.5470020e-01   0.0000000e+00  -8.3205029e-01   4.1600000e+03
  -5.5470020e-01   0.0000000e+00   8.3205029e-01   4.1600000e+03
  -5.5470020e-01   8.3205029e-01   0.0000000e+00   4.1600000e+03
   0.0000000e+00  -8.3205029e-01  -5.5470020e-01   4.1600000e+03
   0.0000000e+00  -8.3205029e-01   5.5470020e-01   4.1600000e+03
   0.0000000e+00  -5.5470020e-01  -8.3205029e-01   4.1600000e+03
   0.0000000e+00  -5.5470020e-01   8.3205029e-01   4.1600000e+03
  -8.0178373e-01  -5.3452248e-01  -2.6726124e-01   4.4800000e+03
  -8.0178373e-01  -5.3452248e-01   2.6726124e-01   4.4800000e+03
  -8.0178373e-01  -2.6726124e-01  -5.3452248e-01   4.4800000e+03
  -8.0178373e-01  -2.6726124e-01   5.3452248e-01   4.4800000e+03
  -8.0178373e-01   2.6726124e-01  -5.3452248e-01   4.4800000e+03
  -8.0178373e-01   2.6726124e-01   5.3452248e-01   4.4800000e+03
  -8.0178373e-01   5.3452248e-01  -2.6726124e-01   4.4800000e+03
  -8.0178373e-01   5.3452248e-01   2.6726124e-01   4.4800000e+03
  -5.3452248e-01  -8.0178373e-01  -2.6726124e-01   4.4800000e+03
  -5.3452248e-01  -8.0178373e-01   2.6726124e-01   4.4800000e+03
  -5.3452248e-01  -2.6726124e-01  -8.0178373e-01   4.4800000e+03
  -5.3452248e-01  -2.6726124e-01   8.0178373e-01   4.4800000e+03
  -5.3452248e-01   2.6726124e-01  -8.0178373e-01   4.4800000e+03
  -5.3452248e-01   2.6726124e-01   8.0178373e-01   4.4800000e+03
  -5.3452248e-01   8.0178373e-01  -2.6726124e-01   4.4800000e+03
  -5.3452248e-01   8.0178373e-01   2.6726124e-01   4.4800000e+03
  -2.6726124e-01  -8.0178373e-01  -5.3452248e-01   4.4800000e+03
  -2.6726124e-01  -8.0178373e-01   5.3452248e-01   4.4800000e+03
  -2.6726124e-01  -5.3452248e-01  -8.0178373e-01   4.4800000e+03
  -2.6726124e-01  -5.3452248e-01   8.0178373e-01   4.4800000e+03
  -2.6726124e-01   5.3452248e-01  -8.0178373e-01   4.4800000e+03
  -2.6726124e-01   5.3452248e-01   8.0178373e-01   4.4800000e+03
  -2.6726124e-01   8.0178373e-01  -5.3452248e-01   4.4800000e+03
  -2.6726124e-01   8.0178373e-01   5.3452248e-01   4.4800000e+03
  -1.0000000e+00   0.0000000e+00   0.0000000e+00   5.1200000e+03
   0.0000000e+00  -1.0000000e+00   0.0000000e+00   5.1200000e+03
   0.0000000e+00   0.0000000e+00  -1.0000000e+00   5.1200000e+03
  -9.7014250e-01  -2.4253563e-01   0.0000000e+00   5.4400000e+03
  -9.7014250e-01   0.0000000e+00  -2.4253563e-01   5.4400000e+03
  -9.7014250e-01   0.0000000e+00   2.4253563e-01   5.4400000e+03
  -9.7014250e-01   2.4253563e-01   0.0000000e+00   5.4400000e+03
  -7.2760688e-01  -4.8507125e-01  -4.8507125e-01   5.4400000e+03
  -7.2760688e-01  -4.8507125e-01   4.8507125e-01   5.4400000e+03
  -7.2760688e-01   4.8507125e-01  -4.8507125e-01   5.4400000e+03
  -7.2760688e-01   4.8507125e-01   4.8507125e-01   5.4400000e+03
  -4.8507125e-01  -7.2760688e-01  -4.8507125e-01   5.4400000e+03
  -4.8507125e-01  -7.2760688e-01   4.8507125e-01   5.4400000e+03
  -4.8507125e-01  -4.8507125e-01  -7.2760688e-01   5.4400000e+03
  -4.8507125e-01  -4.8507125e-01   7.2760688e-01   5.4400000e+03
  -4.8507125e-01   4.8507125e-01  -7.2760688e-01   5.4400000e+03
  -4.8507125e-01   4.8507125e-01   7.2760688e-01   5.4400000e+03
  -4.8507125e-01   7.2760688e-01  -4.8507125e-01   5.4400000e+03
  -4.8507125e-01   7.2760688e-01   4.8507125e-01   5.4400000e+03
  -2.4253563e-01  -9.7014250e-01   0.0000000e+00   5.4400000e+03
  -2.4253563e-01   0.0000000e+00  -9.7014250e-01   5.4400000e+03
  -2.4253563e-01   0.0000000e+00   9.7014250e-01   5.4400000e+03
  -2.4253563e-01   9.7014250e-01   0.0000000e+00   5.4400000e+03
   0.0000000e+00  -9.7014250e-01  -2.4253563e-01   5.4400000e+03
   0.0000000e+00  -9.7014250e-01   2.4253563e-01   5.4400000e+03
   0.0000000e+00  -2.4253563e-01  -9.7014250e-01   5.4400000e+03
   0.0000000e+00  -2.4253563e-01   9.7014250e-01   5.4400000e+03
  -9.4280904e-01  -2.3570226e-01  -2.3570226e-01   5.7600000e+03
  -9.4280904e-01  -2.3570226e-01   2.3570226e-01   5.7600000e+03
  -9.4280904e-01   2.3570226e-01  -2.3570226e-01   5.7600000e+03
  -9.4280904e-01   2.3570226e-01   2.3570226e-01   5.7600000e+03
  -7.0710678e-01  -7.0710678e-01   0.0000000e+00   5.7600000e+03
  -7.0710678e-01   0.0000000e+00  -7.0710678e-01   5.7600000e+03
  -7.0710678e-01   0.0000000e+00   7.0710678e-01   5.7600000e+03
  -7.0710678e-01   7.0710678e-01   0.0000000e+00   5.7600000e+03
  -2.3570226e-01  -9.4280904e-01  -2.3570226e-01   5.7600000e+03
  -2.3570226e-01  -9.4280904e-01   2.3570226e-01   5.7600000e+03
  -2.3570226e-01  -2.3570226e-01  -9.4280904e-01   5.7600000e+03
  -2.3570226e-01  -2.3570226e-01   9.4280904e-01   5.7600000e+03
  -2.3570226e-01   2.3570226e-01  -9.4280904e-01   5.7600000e+03
  -2.3570226e-01   2.3570226e-01   9.4280904e-01   5.7600000e+03
  -2.3570226e-01   9.4280904e-01  -2.3570226e-01   5.7600000e+03
  -2.3570226e-01   9.4280904e-01   2.3570226e-01   5.7600000e+03
   0.0000000e+00  -7.0710678e-01  -7.0710678e-01   5.7600000e+03
   0.0000000e+00  -7.0710678e-01   7.0710678e-01   5.7600000e+03
  -6.8824720e-01  -6.8824720e-01  -2.2941573e-01   6.0800000e+03
  -6.8824720e-01  -6.8824720e-01   2.2941573e-01   6.0800000e+03
  -6.8824720e-01  -2.2941573e-01  -6.8824720e-01   6.0800000e+03
  -6.8824720e-01  -2.2941573e-01   6.8824720e-01   6.0800000e+03
  -6.8824720e-01   2.2941573e-01  -6.8824720e-01   6.0800000e+03
  -6.8824720e-01   2.2941573e-01   6.8824720e-01   6.0800000e+03
  -6.8824720e-01   6.8824720e-01  -2.2941573e-01   6.0800000e+03
  -6.8824720e-01   6.8824720e-01   2.2941573e-01   6.0800000e+03
  -2.2941573e-01  -6.8824720e-01  -6.8824720e-01   6.0800000e+03
  -2.2941573e-01  -6.8824720e-01   6.8824720e-01   6.0800000e+03
  -2.2941573e-01   6.8824720e-01  -6.8824720e-01   6.0800000e+03
  -2.2941573e-01   6.8824720e-01   6.8824720e-01   6.0800000e+03
  -8.9442719e-01  -4.4721360e-01   0.0000000e+00   6.4000000e+03
  -8.9442719e-01   0.0000000e+00  -4.4721360e-01   6.4000000e+03
  -8.9442719e-01   0.0000000e+00   4.4721360e-01   6.4000000e+03
  -8.9442719e-01   4.4721360e-01   0.0000000e+00   6.4000000e+03
  -4.4721360e-01  -8.9442719e-01   0.0000000e+00   6.4000000e+03
  -4.4721360e-01   0.0000000e+00  -8.9442719e-01   6.4000000e+03
  -4.4721360e-01   0.0000000e+00   8.9442719e-01   6.4000000e+03
  -4.4721360e-01   8.9442719e-01   0.0000000e+00   6.4000000e+03
   0.0000000e+00  -8.9442719e-01  -4.4721360e-01   6.4000000e+03
   0.0000000e+00  -8.9442719e-01   4.4721360e-01   6.4000000e+03
   0.0000000e+00  -4.4721360e-01  -8.9442719e-01   6.4000000e+03
   0.0000000e+00  -4.4721360e-01   8.9442719e-01   6.4000000e+03
  -8.7287156e-01  -4.3643578e-01  -2.1821789e-01   6.7200000e+03
  -8.7287156e-01  -4.3643578e-01   2.1821789e-01   6.7200000e+03
  -8.7287156e-01  -2.1821789e-01  -4.3643578e-01   6.7200000e+03
  -8.7287156e-01  -2.1821789e-01   4.3643578e-01   6.7200000e+03
  -8.7287156e-01   2.1821789e-01  -4.3643578e-01   6.7200000e+03
  -8.7287156e-01   2.1821789e-01   4.3643578e-01   6.7200000e+03
  -8.7287156e-01   4.3643578e-01  -2.1821789e-01   6.7200000e+03
  -8.7287156e-01   4.3643578e-01   2.1821789e-01   6.7200000e+03
  -4.3643578e-01  -8.7287156e-01  -2.1821789e-01   6.7200000e+03
  -4.3643578e-01  -8.7287156e-01   2.1821789e-01   6.7200000e+03
  -4.3643578e-01  -2.1821789e-01  -8.7287156e-01   6.7200000e+03
  -4.3643578e-01  -2.1821789e-01   8.7287156e-01   6.7200000e+03
  -4.3643578e-01   2.1821789e-01  -8.7287156e-01   6.7200000e+03
  -4.3643578e-01   2.1821789e-01   8.7287156e-01   6.7200000e+03
  -4.3643578e-01   8.7287156e-01  -2.1821789e-01   6.7200000e+03
  -4.3643578e-01   8.7287156e-01   2.1821789e-01   6.7200000e+03
  -2.1821789e-01  -8.7287156e-01  -4.3643578e-01   6.7200000e+03
  -2.1821789e-01  -8.7287156e-01   4.3643578e-01   6.7200000e+03
  -2.1821789e-01  -4.3643578e-01  -8.7287156e-01   6.7200000e+03
  -2.1821789e-01  -4.3643578e-01   8.7287156e-01   6.7200000e+03
  -2.1821789e-01   4.3643578e-01  -8.7287156e-01   6.7200000e+03
  -2.1821789e-01   4.3643578e-01   8.7287156e-01   6.7200000e+03
  -2.1821789e-01   8.7287156e-01  -4.3643578e-01   6.7200000e+03
  -2.1821789e-01   8.7287156e-01   4.3643578e-01   6.7200000e+03
  -6.3960215e-01  -6.3960215e-01  -4.2640143e-01   7.0400000e+03
  -6.3960215e-01  -6.3960215e-01   4.2640143e-01   7.0400000e+03
  -6.3960215e-01  -4.2640143e-01  -6.3960215e-01   7.0400000e+03
  -6.3960215e-01  -4.2640143e-01   6.3960215e-01   7.0400000e+03
  -6.3960215e-01   4.2640143e-01  -6.3960215e-01   7.0400000e+03
  -6.3960215e-01   4.2640143e-01   6.3960215e-01   7.0400000e+03
  -6.3960215e-01   6.3960215e-01  -4.2640143e-01   7.0400000e+03
  -6.3960215e-01   6.3960215e-01   4.2640143e-01   7.0400000e+03
  -4.2640143e-01  -6.3960215e-01  -6.3960215e-01   7.0400000e+03
  -4.2640143e-01  -6.3960215e-01   6.3960215e-01   7.0400000e+03
  -4.2640143e-01   6.3960215e-01  -6.3960215e-01   7.0400000e+03
  -4.2640143e-01   6.3960215e-01   6.3960215e-01   7.0400000e+03
  -8.1649658e-01  -4.0824829e-01  -4.0824829e-01   7.6800000e+03
  -8.1649658e-01  -4.0824829e-01   4.0824829e-01   7.6800000e+03
  -8.1649658e-01   4.0824829e-01  -4.0824829e-01   7.6800000e+03
  -8.1649658e-01   4.0824829e-01   4.0824829e-01   7.6800000e+03
  -4.0824829e-01  -8.1649658e-01  -4.0824829e-01   7.6800000e+03
  -4.0824829e-01  -8.1649658e-01   4.0824829e-01   7.6800000e+03
  -4.0824829e-01  -4.0824829e-01  -8.1649658e-01   7.6800000e+03
  -4.0824829e-01  -4.0824829e-01   8.1649658e-01   7.6800000e+03
  -4.0824829e-01   4.0824829e-01  -8.1649658e-01   7.6800000e+03
  -4.0824829e-01   4.0824829e-01   8.1649658e-01   7.6800000e+03
  -4.0824829e-01   8.1649658e-01  -4.0824829e-01   7.6800000e+03
  -4.0824829e-01   8.1649658e-01   4.0824829e-01   7.6800000e+03
  -1.0000000e+00   0.0000000e+00   0.0000000e+00   8.0000000e+03
  -8.0000000e-01  -6.0000000e-01   0.0000000e+00   8.0000000e+03
  -8.0000000e-01   0.0000000e+00  -6.0000000e-01   8.0000000e+03
  -8.0000000e-01   0.0000000e+00   6.0000000e-01   8.0000000e+03
  -8.0000000e-01   6.0000000e-01   0.0000000e+00   8.0000000e+03
  -6.0000000e-01  -8.0000000e-01   0.0000000e+00   8.0000000e+03
  -6.0000000e-01   0.0000000e+00  -8.0000000e-01   8.0000000e+03
  -6.0000000e-01   0.0000000e+00   8.0000000e-01   8.0000000e+03
  -6.0000000e-01   8.0000000e-01   0.0000000e+00   8.0000000e+03
   0.0000000e+00  -1.0000000e+00   0.0000000e+00   8.0000000e+03
   0.0000000e+00  -8.0000000e-01  -6.0000000e-01   8.0000000e+03
   0.0000000e+00  -8.0000000e-01   6.0000000e-01   8.0000000e+03
   0.0000000e+00  -6.0000000e-01  -8.0000000e-01   8.0000000e+03
   0.0000000e+00  -6.0000000e-01   8.0000000e-01   8.0000000e+03
   0.0000000e+00   0.0000000e+00  -1.0000000e+00   8.0000000e+03
