0.231680  0.115922  0.965860
-0.024253  -0.178521  0.983637
0.929444  -0.342597  -0.136964
-0.922374  0.377900  -0.080097
0.998267  -0.018171  0.055959
0.150770  0.899367  0.410372
-0.435084  -0.336720  -0.835057
-0.500205  0.240736  0.831769
-0.890106  -0.390700  -0.234656
0.723670  -0.609626  -0.323506
-0.117938  -0.514885  -0.849107
-0.038943  0.214996  -0.975838
-0.431714  0.640249  -0.635376
0.181865  0.981878  0.053288
-0.784466  -0.461423  0.414367
-0.158057  0.957910  0.239636
-0.660683  0.312845  -0.682366
0.473283  0.360501  0.803767
0.318538  -0.753810  0.574719
-0.798719  0.249254  0.547648
0.123356  -0.534095  0.836376
0.246685  0.416843  -0.874864
-0.671598  -0.043804  -0.739619
-0.262375  -0.909823  0.321528
-0.101866  -0.790940  -0.603354
0.243867  -0.367892  -0.897320
-0.586553  -0.392085  0.708678
-0.591565  -0.741070  0.317592
-0.705145  -0.410671  -0.578030
0.773658  -0.630437  0.063253
-0.586632  0.748283  0.309731
0.497126  0.760141  -0.418389
0.681196  -0.593637  0.428445
0.393160  -0.811550  -0.432216
0.367687  0.670363  0.644529
-0.967821  0.138627  0.210008
-0.657427  -0.685687  -0.312446
0.556027  -0.200244  -0.806681
-0.684160  -0.053114  0.727394
-0.792499  -0.608556  0.040048
0.476579  -0.840855  0.256582
-0.359579  0.359501  -0.861081
0.907757  0.325872  0.264164
0.763729  0.632884  0.127179
-0.131839  0.978062  -0.161280
0.952526  0.003620  -0.304435
0.191159  0.927523  -0.321182
-0.072295  -0.177036  -0.981545
0.070233  -0.940175  -0.333373
0.102098  -0.939931  0.325737
0.114866  0.451008  0.885097
-0.305336  0.793815  0.525953
-0.880100  -0.109160  -0.462068
0.811175  -0.303533  -0.499861
-0.502129  -0.864726  -0.010724
0.581221  -0.012459  0.813650
-0.377417  -0.119757  0.918267
-0.055770  -0.775849  0.628448
0.532953  0.191528  -0.824182
0.556006  0.507558  -0.658210
-0.453647  0.829656  -0.325384
0.004682  0.730439  0.682961
0.778598  0.034043  -0.626598
-0.124639  0.843617  -0.522277
-0.147378  0.184666  0.971688
-0.263582  0.516716  0.814572
-0.880256  0.239326  -0.409720
0.217389  0.724694  -0.653880
0.533050  -0.839029  -0.109021
-0.886535  -0.120126  0.446793
-0.719396  0.569856  -0.397155
0.756610  0.611270  -0.232140
-0.992171  -0.006772  -0.124702
0.912948  -0.015010  0.407799
0.326732  -0.235331  0.915349
-0.233774  -0.465649  0.853533
0.941362  0.322759  -0.098303
-0.583415  0.536068  0.610128
0.751061  -0.256582  0.608335
0.213091  -0.672850  -0.708423
-0.372871  0.013730  -0.927781
0.757274  0.225573  0.612904
0.484677  0.821437  0.300546
0.259862  0.004338  -0.965636
0.222770  -0.974800  -0.011679
-0.830642  0.486386  0.271036
-0.328248  -0.885152  -0.329784
-0.726328  0.685377  -0.052005
-0.083908  0.587393  -0.804940
0.495853  -0.478630  0.724597
-0.954273  -0.273952  0.119634
-0.435866  0.899530  0.029415
0.505067  0.860814  -0.062494
0.546295  -0.528572  -0.649748
-0.144745  -0.989374  -0.013668
0.905179  -0.345500  0.247546
0.676132  0.552946  0.486923
-0.403028  -0.682673  0.609528
-0.434877  -0.650227  -0.622965
0.815013  0.345950  -0.464835
