   1.0000000e+00   0.0000000e+00   6.1232340e-17
  -1.0000000e+00   1.2246468e-16   6.1232340e-17
   6.1232340e-17   1.0000000e+00   6.1232340e-17
   6.1232340e-17  -1.0000000e+00   6.1232340e-17
   0.0000000e+00   0.0000000e+00   1.0000000e+00
   1.2246468e-16   0.0000000e+00  -1.0000000e+00
   7.0710678e-01   0.0000000e+00   7.0710678e-01
   4.3297803e-17   7.0710678e-01   7.0710678e-01
   7.0710678e-01   7.0710678e-01   6.1232340e-17
  -7.0710678e-01   8.6595606e-17   7.0710678e-01
  -7.0710678e-01   7.0710678e-01   6.1232340e-17
   4.3297803e-17  -7.0710678e-01   7.0710678e-01
  -7.0710678e-01  -7.0710678e-01   6.1232340e-17
   7.0710678e-01  -7.0710678e-01   6.1232340e-17
   4.3297803e-17   7.0710678e-01  -7.0710678e-01
   7.0710678e-01   0.0000000e+00  -7.0710678e-01
  -7.0710678e-01   8.6595606e-17  -7.0710678e-01
   4.3297803e-17  -7.0710678e-01  -7.0710678e-01
   9.2387953e-01   0.0000000e+00   3.8268343e-01
   8.1649658e-01   4.0824829e-01   4.0824829e-01
   9.2387953e-01   3.8268343e-01   6.1232340e-17
   3.8268343e-01   0.0000000e+00   9.2387953e-01
   2.3432602e-17   3.8268343e-01   9.2387953e-01
   4.0824829e-01   4.0824829e-01   8.1649658e-01
   4.0824829e-01   8.1649658e-01   4.0824829e-01
   5.6571306e-17   9.2387953e-01   3.8268343e-01
   3.8268343e-01   9.2387953e-01   6.1232340e-17
  -4.0824829e-01   8.1649658e-01   4.0824829e-01
  -3.8268343e-01   9.2387953e-01   6.1232340e-17
  -3.8268343e-01   4.6865204e-17   9.2387953e-01
  -4.0824829e-01   4.0824829e-01   8.1649658e-01
  -8.1649658e-01   4.0824829e-01   4.0824829e-01
  -9.2387953e-01   1.1314261e-16   3.8268343e-01
  -9.2387953e-01   3.8268343e-01   6.1232340e-17
  -8.1649658e-01  -4.0824829e-01   4.0824829e-01
  -9.2387953e-01  -3.8268343e-01   6.1232340e-17
   2.3432602e-17  -3.8268343e-01   9.2387953e-01
  -4.0824829e-01  -4.0824829e-01   8.1649658e-01
  -4.0824829e-01  -8.1649658e-01   4.0824829e-01
   5.6571306e-17  -9.2387953e-01   3.8268343e-01
  -3.8268343e-01  -9.2387953e-01   6.1232340e-17
   4.0824829e-01  -8.1649658e-01   4.0824829e-01
   3.8268343e-01  -9.2387953e-01   6.1232340e-17
   4.0824829e-01  -4.0824829e-01   8.1649658e-01
   8.1649658e-01  -4.0824829e-01   4.0824829e-01
   9.2387953e-01  -3.8268343e-01   6.1232340e-17
   8.1649658e-01   4.0824829e-01  -4.0824829e-01
   9.2387953e-01   0.0000000e+00  -3.8268343e-01
   5.6571306e-17   9.2387953e-01  -3.8268343e-01
   4.0824829e-01   8.1649658e-01  -4.0824829e-01
   4.0824829e-01   4.0824829e-01  -8.1649658e-01
   1.0840539e-16   3.8268343e-01  -9.2387953e-01
   3.8268343e-01   0.0000000e+00  -9.2387953e-01
  -4.0824829e-01   8.1649658e-01  -4.0824829e-01
  -9.2387953e-01   1.1314261e-16  -3.8268343e-01
  -8.1649658e-01   4.0824829e-01  -4.0824829e-01
  -4.0824829e-01   4.0824829e-01  -8.1649658e-01
  -3.8268343e-01   4.6865204e-17  -9.2387953e-01
  -8.1649658e-01  -4.0824829e-01  -4.0824829e-01
   5.6571306e-17  -9.2387953e-01  -3.8268343e-01
  -4.0824829e-01  -8.1649658e-01  -4.0824829e-01
  -4.0824829e-01  -4.0824829e-01  -8.1649658e-01
   1.0840539e-16  -3.8268343e-01  -9.2387953e-01
   4.0824829e-01  -8.1649658e-01  -4.0824829e-01
   8.1649658e-01  -4.0824829e-01  -4.0824829e-01
   4.0824829e-01  -4.0824829e-01  -8.1649658e-01
   9.8078528e-01   0.0000000e+00   1.9509032e-01
   9.5968298e-01   1.9875685e-01   1.9875685e-01
   9.8078528e-01   1.9509032e-01   6.1232340e-17
   8.3146961e-01   0.0000000e+00   5.5557023e-01
   7.8867513e-01   2.1132487e-01   5.7735027e-01
   8.9032003e-01   2.0884660e-01   4.0461504e-01
   8.9032003e-01   4.0461504e-01   2.0884660e-01
   7.8867513e-01   5.7735027e-01   2.1132487e-01
   8.3146961e-01   5.5557023e-01   6.1232340e-17
   5.5557023e-01   0.0000000e+00   8.3146961e-01
   4.0461504e-01   2.0884660e-01   8.9032003e-01
   5.7735027e-01   2.1132487e-01   7.8867513e-01
   1.9509032e-01   0.0000000e+00   9.8078528e-01
   1.1945837e-17   1.9509032e-01   9.8078528e-01
   1.9875685e-01   1.9875685e-01   9.5968298e-01
   2.0884660e-01   4.0461504e-01   8.9032003e-01
   3.4018865e-17   5.5557023e-01   8.3146961e-01
   2.1132487e-01   5.7735027e-01   7.8867513e-01
   5.7735027e-01   7.8867513e-01   2.1132487e-01
   4.0461504e-01   8.9032003e-01   2.0884660e-01
   5.5557023e-01   8.3146961e-01   6.1232340e-17
   2.1132487e-01   7.8867513e-01   5.7735027e-01
   5.0912830e-17   8.3146961e-01   5.5557023e-01
   2.0884660e-01   8.9032003e-01   4.0461504e-01
   1.9875685e-01   9.5968298e-01   1.9875685e-01
   6.0055778e-17   9.8078528e-01   1.9509032e-01
   1.9509032e-01   9.8078528e-01   6.1232340e-17
   6.3960215e-01   4.2640143e-01   6.3960215e-01
   4.2640143e-01   6.3960215e-01   6.3960215e-01
   6.3960215e-01   6.3960215e-01   4.2640143e-01
  -1.9875685e-01   9.5968298e-01   1.9875685e-01
  -1.9509032e-01   9.8078528e-01   6.1232340e-17
  -2.1132487e-01   7.8867513e-01   5.7735027e-01
  -2.0884660e-01   8.9032003e-01   4.0461504e-01
  -4.0461504e-01   8.9032003e-01   2.0884660e-01
  -5.7735027e-01   7.8867513e-01   2.1132487e-01
  -5.5557023e-01   8.3146961e-01   6.1232340e-17
  -2.0884660e-01   4.0461504e-01   8.9032003e-01
  -2.1132487e-01   5.7735027e-01   7.8867513e-01
  -1.9509032e-01   2.3891674e-17   9.8078528e-01
  -1.9875685e-01   1.9875685e-01   9.5968298e-01
  -4.0461504e-01   2.0884660e-01   8.9032003e-01
  -5.5557023e-01   6.8037731e-17   8.3146961e-01
  -5.7735027e-01   2.1132487e-01   7.8867513e-01
  -7.8867513e-01   5.7735027e-01   2.1132487e-01
  -8.9032003e-01   4.0461504e-01   2.0884660e-01
  -8.3146961e-01   5.5557023e-01   6.1232340e-17
  -7.8867513e-01   2.1132487e-01   5.7735027e-01
  -8.3146961e-01   1.0182566e-16   5.5557023e-01
  -8.9032003e-01   2.0884660e-01   4.0461504e-01
  -9.5968298e-01   1.9875685e-01   1.9875685e-01
  -9.8078528e-01   1.2011156e-16   1.9509032e-01
  -9.8078528e-01   1.9509032e-01   6.1232340e-17
  -4.2640143e-01   6.3960215e-01   6.3960215e-01
  -6.3960215e-01   4.2640143e-01   6.3960215e-01
  -6.3960215e-01   6.3960215e-01   4.2640143e-01
  -9.5968298e-01  -1.9875685e-01   1.9875685e-01
  -9.8078528e-01  -1.9509032e-01   6.1232340e-17
  -7.8867513e-01  -2.1132487e-01   5.7735027e-01
  -8.9032003e-01  -2.0884660e-01   4.0461504e-01
  -8.9032003e-01  -4.0461504e-01   2.0884660e-01
  -7.8867513e-01  -5.7735027e-01   2.1132487e-01
  -8.3146961e-01  -5.5557023e-01   6.1232340e-17
  -4.0461504e-01  -2.0884660e-01   8.9032003e-01
  -5.7735027e-01  -2.1132487e-01   7.8867513e-01
   1.1945837e-17  -1.9509032e-01   9.8078528e-01
  -1.9875685e-01  -1.9875685e-01   9.5968298e-01
  -2.0884660e-01  -4.0461504e-01   8.9032003e-01
   3.4018865e-17  -5.5557023e-01   8.3146961e-01
  -2.1132487e-01  -5.7735027e-01   7.8867513e-01
  -5.7735027e-01  -7.8867513e-01   2.1132487e-01
  -4.0461504e-01  -8.9032003e-01   2.0884660e-01
  -5.5557023e-01  -8.3146961e-01   6.1232340e-17
  -2.1132487e-01  -7.8867513e-01   5.7735027e-01
   5.0912830e-17  -8.3146961e-01   5.5557023e-01
  -2.0884660e-01  -8.9032003e-01   4.0461504e-01
  -1.9875685e-01  -9.5968298e-01   1.9875685e-01
   6.0055778e-17  -9.8078528e-01   1.9509032e-01
  -1.9509032e-01  -9.8078528e-01   6.1232340e-17
  -6.3960215e-01  -4.2640143e-01   6.3960215e-01
  -4.2640143e-01  -6.3960215e-01   6.3960215e-01
  -6.3960215e-01  -6.3960215e-01   4.2640143e-01
   1.9875685e-01  -9.5968298e-01   1.9875685e-01
   1.9509032e-01  -9.8078528e-01   6.1232340e-17
   2.1132487e-01  -7.8867513e-01   5.7735027e-01
   2.0884660e-01  -8.9032003e-01   4.0461504e-01
   4.0461504e-01  -8.9032003e-01   2.0884660e-01
   5.7735027e-01  -7.8867513e-01   2.1132487e-01
   5.5557023e-01  -8.3146961e-01   6.1232340e-17
   2.0884660e-01  -4.0461504e-01   8.9032003e-01
   2.1132487e-01  -5.7735027e-01   7.8867513e-01
   1.9875685e-01  -1.9875685e-01   9.5968298e-01
   4.0461504e-01  -2.0884660e-01   8.9032003e-01
   5.7735027e-01  -2.1132487e-01   7.8867513e-01
   7.8867513e-01  -5.7735027e-01   2.1132487e-01
   8.9032003e-01  -4.0461504e-01   2.0884660e-01
   8.3146961e-01  -5.5557023e-01   6.1232340e-17
   7.8867513e-01  -2.1132487e-01   5.7735027e-01
   8.9032003e-01  -2.0884660e-01   4.0461504e-01
   9.5968298e-01  -1.9875685e-01   1.9875685e-01
   9.8078528e-01  -1.9509032e-01   6.1232340e-17
   4.2640143e-01  -6.3960215e-01   6.3960215e-01
   6.3960215e-01  -4.2640143e-01   6.3960215e-01
   6.3960215e-01  -6.3960215e-01   4.2640143e-01
   9.5968298e-01   1.9875685e-01  -1.9875685e-01
   9.8078528e-01   0.0000000e+00  -1.9509032e-01
   7.8867513e-01   5.7735027e-01  -2.1132487e-01
   8.9032003e-01   4.0461504e-01  -2.0884660e-01
   8.9032003e-01   2.0884660e-01  -4.0461504e-01
   7.8867513e-01   2.1132487e-01  -5.7735027e-01
   8.3146961e-01   0.0000000e+00  -5.5557023e-01
   4.0461504e-01   8.9032003e-01  -2.0884660e-01
   5.7735027e-01   7.8867513e-01  -2.1132487e-01
   6.0055778e-17   9.8078528e-01  -1.9509032e-01
   1.9875685e-01   9.5968298e-01  -1.9875685e-01
   2.0884660e-01   8.9032003e-01  -4.0461504e-01
   5.0912830e-17   8.3146961e-01  -5.5557023e-01
   2.1132487e-01   7.8867513e-01  -5.7735027e-01
   5.7735027e-01   2.1132487e-01  -7.8867513e-01
   4.0461504e-01   2.0884660e-01  -8.9032003e-01
   5.5557023e-01   0.0000000e+00  -8.3146961e-01
   2.1132487e-01   5.7735027e-01  -7.8867513e-01
   3.4018865e-17   5.5557023e-01  -8.3146961e-01
   2.0884660e-01   4.0461504e-01  -8.9032003e-01
   1.9875685e-01   1.9875685e-01  -9.5968298e-01
   9.8583344e-17   1.9509032e-01  -9.8078528e-01
   1.9509032e-01   0.0000000e+00  -9.8078528e-01
   6.3960215e-01   6.3960215e-01  -4.2640143e-01
   4.2640143e-01   6.3960215e-01  -6.3960215e-01
   6.3960215e-01   4.2640143e-01  -6.3960215e-01
  -1.9875685e-01   9.5968298e-01  -1.9875685e-01
  -5.7735027e-01   7.8867513e-01  -2.1132487e-01
  -4.0461504e-01   8.9032003e-01  -2.0884660e-01
  -2.0884660e-01   8.9032003e-01  -4.0461504e-01
  -2.1132487e-01   7.8867513e-01  -5.7735027e-01
  -8.9032003e-01   4.0461504e-01  -2.0884660e-01
  -7.8867513e-01   5.7735027e-01  -2.1132487e-01
  -9.8078528e-01   1.2011156e-16  -1.9509032e-01
  -9.5968298e-01   1.9875685e-01  -1.9875685e-01
  -8.9032003e-01   2.0884660e-01  -4.0461504e-01
  -8.3146961e-01   1.0182566e-16  -5.5557023e-01
  -7.8867513e-01   2.1132487e-01  -5.7735027e-01
  -2.1132487e-01   5.7735027e-01  -7.8867513e-01
  -2.0884660e-01   4.0461504e-01  -8.9032003e-01
  -5.7735027e-01   2.1132487e-01  -7.8867513e-01
  -5.5557023e-01   6.8037731e-17  -8.3146961e-01
  -4.0461504e-01   2.0884660e-01  -8.9032003e-01
  -1.9875685e-01   1.9875685e-01  -9.5968298e-01
  -1.9509032e-01   2.3891674e-17  -9.8078528e-01
  -6.3960215e-01   6.3960215e-01  -4.2640143e-01
  -6.3960215e-01   4.2640143e-01  -6.3960215e-01
  -4.2640143e-01   6.3960215e-01  -6.3960215e-01
  -9.5968298e-01  -1.9875685e-01  -1.9875685e-01
  -7.8867513e-01  -5.7735027e-01  -2.1132487e-01
  -8.9032003e-01  -4.0461504e-01  -2.0884660e-01
  -8.9032003e-01  -2.0884660e-01  -4.0461504e-01
  -7.8867513e-01  -2.1132487e-01  -5.7735027e-01
  -4.0461504e-01  -8.9032003e-01  -2.0884660e-01
  -5.7735027e-01  -7.8867513e-01  -2.1132487e-01
   6.0055778e-17  -9.8078528e-01  -1.9509032e-01
  -1.9875685e-01  -9.5968298e-01  -1.9875685e-01
  -2.0884660e-01  -8.9032003e-01  -4.0461504e-01
   5.0912830e-17  -8.3146961e-01  -5.5557023e-01
  -2.1132487e-01  -7.8867513e-01  -5.7735027e-01
  -5.7735027e-01  -2.1132487e-01  -7.8867513e-01
  -4.0461504e-01  -2.0884660e-01  -8.9032003e-01
  -2.1132487e-01  -5.7735027e-01  -7.8867513e-01
   3.4018865e-17  -5.5557023e-01  -8.3146961e-01
  -2.0884660e-01  -4.0461504e-01  -8.9032003e-01
  -1.9875685e-01  -1.9875685e-01  -9.5968298e-01
   9.8583344e-17  -1.9509032e-01  -9.8078528e-01
  -6.3960215e-01  -6.3960215e-01  -4.2640143e-01
  -4.2640143e-01  -6.3960215e-01  -6.3960215e-01
  -6.3960215e-01  -4.2640143e-01  -6.3960215e-01
   1.9875685e-01  -9.5968298e-01  -1.9875685e-01
   5.7735027e-01  -7.8867513e-01  -2.1132487e-01
   4.0461504e-01  -8.9032003e-01  -2.0884660e-01
   2.0884660e-01  -8.9032003e-01  -4.0461504e-01
   2.1132487e-01  -7.8867513e-01  -5.7735027e-01
   8.9032003e-01  -4.0461504e-01  -2.0884660e-01
   7.8867513e-01  -5.7735027e-01  -2.1132487e-01
   9.5968298e-01  -1.9875685e-01  -1.9875685e-01
   8.9032003e-01  -2.0884660e-01  -4.0461504e-01
   7.8867513e-01  -2.1132487e-01  -5.7735027e-01
   2.1132487e-01  -5.7735027e-01  -7.8867513e-01
   2.0884660e-01  -4.0461504e-01  -8.9032003e-01
   5.7735027e-01  -2.1132487e-01  -7.8867513e-01
   4.0461504e-01  -2.0884660e-01  -8.9032003e-01
   1.9875685e-01  -1.9875685e-01  -9.5968298e-01
   6.3960215e-01  -6.3960215e-01  -4.2640143e-01
   6.3960215e-01  -4.2640143e-01  -6.3960215e-01
   4.2640143e-01  -6.3960215e-01  -6.3960215e-01
   9.9518473e-01   0.0000000e+00   9.8017140e-02
   9.9025285e-01   9.8486770e-02   9.8486770e-02
   9.9518473e-01   9.8017140e-02   6.1232340e-17
   9.5694034e-01   0.0000000e+00   2.9028468e-01
   9.5068998e-01   1.0031849e-01   2.9347019e-01
   9.7511744e-01   9.9878611e-02   1.9791473e-01
   9.7511744e-01   1.9791473e-01   9.9878611e-02
   9.5068998e-01   2.9347019e-01   1.0031849e-01
   9.5694034e-01   2.9028468e-01   6.1232340e-17
   8.8192126e-01   0.0000000e+00   4.7139674e-01
   8.6851337e-01   1.0534740e-01   4.8434125e-01
   9.1227153e-01   1.0501866e-01   3.9589359e-01
   7.7301045e-01   0.0000000e+00   6.3439328e-01
   7.5434448e-01   1.0657419e-01   6.4777029e-01
   8.1487019e-01   1.0628824e-01   5.6981522e-01
   8.4374549e-01   2.1114878e-01   4.9346706e-01
   8.0951134e-01   3.1245971e-01   4.9705163e-01
   8.5827394e-01   3.1030660e-01   4.0874890e-01
   9.1227153e-01   3.9589359e-01   1.0501866e-01
   8.6851337e-01   4.8434125e-01   1.0534740e-01
   8.8192126e-01   4.7139674e-01   6.1232340e-17
   8.5827394e-01   4.0874890e-01   3.1030660e-01
   8.0951134e-01   4.9705163e-01   3.1245971e-01
   8.4374549e-01   4.9346706e-01   2.1114878e-01
   8.1487019e-01   5.6981522e-01   1.0628824e-01
   7.5434448e-01   6.4777029e-01   1.0657419e-01
   7.7301045e-01   6.3439328e-01   6.1232340e-17
   9.3051846e-01   2.0501725e-01   3.0348528e-01
   8.9897507e-01   3.0971263e-01   3.0971263e-01
   9.3051846e-01   3.0348528e-01   2.0501725e-01
   6.3439328e-01   0.0000000e+00   7.7301045e-01
   5.6981522e-01   1.0628824e-01   8.1487019e-01
   6.4777029e-01   1.0657419e-01   7.5434448e-01
   4.7139674e-01   0.0000000e+00   8.8192126e-01
   3.9589359e-01   1.0501866e-01   9.1227153e-01
   4.8434125e-01   1.0534740e-01   8.6851337e-01
   4.9346706e-01   2.1114878e-01   8.4374549e-01
   4.0874890e-01   3.1030660e-01   8.5827394e-01
   4.9705163e-01   3.1245971e-01   8.0951134e-01
   2.9028468e-01   0.0000000e+00   9.5694034e-01
   1.9791473e-01   9.9878611e-02   9.7511744e-01
   2.9347019e-01   1.0031849e-01   9.5068998e-01
   9.8017140e-02   0.0000000e+00   9.9518473e-01
   6.0018189e-18   9.8017140e-02   9.9518473e-01
   9.8486770e-02   9.8486770e-02   9.9025285e-01
   9.9878611e-02   1.9791473e-01   9.7511744e-01
   1.7774810e-17   2.9028468e-01   9.5694034e-01
   1.0031849e-01   2.9347019e-01   9.5068998e-01
   3.1030660e-01   4.0874890e-01   8.5827394e-01
   2.1114878e-01   4.9346706e-01   8.4374549e-01
   3.1245971e-01   4.9705163e-01   8.0951134e-01
   1.0501866e-01   3.9589359e-01   9.1227153e-01
   2.8864725e-17   4.7139674e-01   8.8192126e-01
   1.0534740e-01   4.8434125e-01   8.6851337e-01
   1.0628824e-01   5.6981522e-01   8.1487019e-01
   3.8845385e-17   6.3439328e-01   7.7301045e-01
   1.0657419e-01   6.4777029e-01   7.5434448e-01
   3.0348528e-01   2.0501725e-01   9.3051846e-01
   2.0501725e-01   3.0348528e-01   9.3051846e-01
   3.0971263e-01   3.0971263e-01   8.9897507e-01
   6.4777029e-01   7.5434448e-01   1.0657419e-01
   5.6981522e-01   8.1487019e-01   1.0628824e-01
   6.3439328e-01   7.7301045e-01   6.1232340e-17
   4.9705163e-01   8.0951134e-01   3.1245971e-01
   4.0874890e-01   8.5827394e-01   3.1030660e-01
   4.9346706e-01   8.4374549e-01   2.1114878e-01
   4.8434125e-01   8.6851337e-01   1.0534740e-01
   3.9589359e-01   9.1227153e-01   1.0501866e-01
   4.7139674e-01   8.8192126e-01   6.1232340e-17
   3.1245971e-01   8.0951134e-01   4.9705163e-01
   2.1114878e-01   8.4374549e-01   4.9346706e-01
   3.1030660e-01   8.5827394e-01   4.0874890e-01
   1.0657419e-01   7.5434448e-01   6.4777029e-01
   4.7333239e-17   7.7301045e-01   6.3439328e-01
   1.0628824e-01   8.1487019e-01   5.6981522e-01
   1.0534740e-01   8.6851337e-01   4.8434125e-01
   5.4002103e-17   8.8192126e-01   4.7139674e-01
   1.0501866e-01   9.1227153e-01   3.9589359e-01
   2.9347019e-01   9.5068998e-01   1.0031849e-01
   1.9791473e-01   9.7511744e-01   9.9878611e-02
   2.9028468e-01   9.5694034e-01   6.1232340e-17
   1.0031849e-01   9.5068998e-01   2.9347019e-01
   5.8595696e-17   9.5694034e-01   2.9028468e-01
   9.9878611e-02   9.7511744e-01   1.9791473e-01
   9.8486770e-02   9.9025285e-01   9.8486770e-02
   6.0937490e-17   9.9518473e-01   9.8017140e-02
   9.8017140e-02   9.9518473e-01   6.1232340e-17
   3.0971263e-01   8.9897507e-01   3.0971263e-01
   2.0501725e-01   9.3051846e-01   3.0348528e-01
   3.0348528e-01   9.3051846e-01   2.0501725e-01
   6.9076836e-01   2.1372447e-01   6.9076836e-01
   5.2959211e-01   4.2183874e-01   7.3592410e-01
   6.1405538e-01   3.2178683e-01   7.2068664e-01
   7.2068664e-01   3.2178683e-01   6.1405538e-01
   7.3592410e-01   4.2183874e-01   5.2959211e-01
   3.2178683e-01   6.1405538e-01   7.2068664e-01
   4.2183874e-01   5.2959211e-01   7.3592410e-01
   2.1372447e-01   6.9076836e-01   6.9076836e-01
   3.2178683e-01   7.2068664e-01   6.1405538e-01
   4.2183874e-01   7.3592410e-01   5.2959211e-01
   7.3592410e-01   5.2959211e-01   4.2183874e-01
   7.2068664e-01   6.1405538e-01   3.2178683e-01
   5.2959211e-01   7.3592410e-01   4.2183874e-01
   6.1405538e-01   7.2068664e-01   3.2178683e-01
   6.9076836e-01   6.9076836e-01   2.1372447e-01
   5.3916387e-01   5.3916387e-01   6.4699664e-01
   5.3916387e-01   6.4699664e-01   5.3916387e-01
   6.4699664e-01   5.3916387e-01   5.3916387e-01
  -9.8486770e-02   9.9025285e-01   9.8486770e-02
  -9.8017140e-02   9.9518473e-01   6.1232340e-17
  -1.0031849e-01   9.5068998e-01   2.9347019e-01
  -9.9878611e-02   9.7511744e-01   1.9791473e-01
  -1.9791473e-01   9.7511744e-01   9.9878611e-02
  -2.9347019e-01   9.5068998e-01   1.0031849e-01
  -2.9028468e-01   9.5694034e-01   6.1232340e-17
  -1.0534740e-01   8.6851337e-01   4.8434125e-01
  -1.0501866e-01   9.1227153e-01   3.9589359e-01
  -1.0657419e-01   7.5434448e-01   6.4777029e-01
  -1.0628824e-01   8.1487019e-01   5.6981522e-01
  -2.1114878e-01   8.4374549e-01   4.9346706e-01
  -3.1245971e-01   8.0951134e-01   4.9705163e-01
  -3.1030660e-01   8.5827394e-01   4.0874890e-01
  -3.9589359e-01   9.1227153e-01   1.0501866e-01
  -4.8434125e-01   8.6851337e-01   1.0534740e-01
  -4.7139674e-01   8.8192126e-01   6.1232340e-17
  -4.0874890e-01   8.5827394e-01   3.1030660e-01
  -4.9705163e-01   8.0951134e-01   3.1245971e-01
  -4.9346706e-01   8.4374549e-01   2.1114878e-01
  -5.6981522e-01   8.1487019e-01   1.0628824e-01
  -6.4777029e-01   7.5434448e-01   1.0657419e-01
  -6.3439328e-01   7.7301045e-01   6.1232340e-17
  -2.0501725e-01   9.3051846e-01   3.0348528e-01
  -3.0971263e-01   8.9897507e-01   3.0971263e-01
  -3.0348528e-01   9.3051846e-01   2.0501725e-01
  -1.0628824e-01   5.6981522e-01   8.1487019e-01
  -1.0657419e-01   6.4777029e-01   7.5434448e-01
  -1.0501866e-01   3.9589359e-01   9.1227153e-01
  -1.0534740e-01   4.8434125e-01   8.6851337e-01
  -2.1114878e-01   4.9346706e-01   8.4374549e-01
  -3.1030660e-01   4.0874890e-01   8.5827394e-01
  -3.1245971e-01   4.9705163e-01   8.0951134e-01
  -9.9878611e-02   1.9791473e-01   9.7511744e-01
  -1.0031849e-01   2.9347019e-01   9.5068998e-01
  -9.8017140e-02   1.2003638e-17   9.9518473e-01
  -9.8486770e-02   9.8486770e-02   9.9025285e-01
  -1.9791473e-01   9.9878611e-02   9.7511744e-01
  -2.9028468e-01   3.5549620e-17   9.5694034e-01
  -2.9347019e-01   1.0031849e-01   9.5068998e-01
  -4.0874890e-01   3.1030660e-01   8.5827394e-01
  -4.9346706e-01   2.1114878e-01   8.4374549e-01
  -4.9705163e-01   3.1245971e-01   8.0951134e-01
  -3.9589359e-01   1.0501866e-01   9.1227153e-01
  -4.7139674e-01   5.7729450e-17   8.8192126e-01
  -4.8434125e-01   1.0534740e-01   8.6851337e-01
  -5.6981522e-01   1.0628824e-01   8.1487019e-01
  -6.3439328e-01   7.7690770e-17   7.7301045e-01
  -6.4777029e-01   1.0657419e-01   7.5434448e-01
  -2.0501725e-01   3.0348528e-01   9.3051846e-01
  -3.0348528e-01   2.0501725e-01   9.3051846e-01
  -3.0971263e-01   3.0971263e-01   8.9897507e-01
  -7.5434448e-01   6.4777029e-01   1.0657419e-01
  -8.1487019e-01   5.6981522e-01   1.0628824e-01
  -7.7301045e-01   6.3439328e-01   6.1232340e-17
  -8.0951134e-01   4.9705163e-01   3.1245971e-01
  -8.5827394e-01   4.0874890e-01   3.1030660e-01
  -8.4374549e-01   4.9346706e-01   2.1114878e-01
  -8.6851337e-01   4.8434125e-01   1.0534740e-01
  -9.1227153e-01   3.9589359e-01   1.0501866e-01
  -8.8192126e-01   4.7139674e-01   6.1232340e-17
  -8.0951134e-01   3.1245971e-01   4.9705163e-01
  -8.4374549e-01   2.1114878e-01   4.9346706e-01
  -8.5827394e-01   3.1030660e-01   4.0874890e-01
  -7.5434448e-01   1.0657419e-01   6.4777029e-01
  -7.7301045e-01   9.4666478e-17   6.3439328e-01
  -8.1487019e-01   1.0628824e-01   5.6981522e-01
  -8.6851337e-01   1.0534740e-01   4.8434125e-01
  -8.8192126e-01   1.0800421e-16   4.7139674e-01
  -9.1227153e-01   1.0501866e-01   3.9589359e-01
  -9.5068998e-01   2.9347019e-01   1.0031849e-01
  -9.7511744e-01   1.9791473e-01   9.9878611e-02
  -9.5694034e-01   2.9028468e-01   6.1232340e-17
  -9.5068998e-01   1.0031849e-01   2.9347019e-01
  -9.5694034e-01   1.1719139e-16   2.9028468e-01
  -9.7511744e-01   9.9878611e-02   1.9791473e-01
  -9.9025285e-01   9.8486770e-02   9.8486770e-02
  -9.9518473e-01   1.2187498e-16   9.8017140e-02
  -9.9518473e-01   9.8017140e-02   6.1232340e-17
  -8.9897507e-01   3.0971263e-01   3.0971263e-01
  -9.3051846e-01   2.0501725e-01   3.0348528e-01
  -9.3051846e-01   3.0348528e-01   2.0501725e-01
  -2.1372447e-01   6.9076836e-01   6.9076836e-01
  -4.2183874e-01   5.2959211e-01   7.3592410e-01
  -3.2178683e-01   6.1405538e-01   7.2068664e-01
  -3.2178683e-01   7.2068664e-01   6.1405538e-01
  -4.2183874e-01   7.3592410e-01   5.2959211e-01
  -6.1405538e-01   3.2178683e-01   7.2068664e-01
  -5.2959211e-01   4.2183874e-01   7.3592410e-01
  -6.9076836e-01   2.1372447e-01   6.9076836e-01
  -7.2068664e-01   3.2178683e-01   6.1405538e-01
  -7.3592410e-01   4.2183874e-01   5.2959211e-01
  -5.2959211e-01   7.3592410e-01   4.2183874e-01
  -6.1405538e-01   7.2068664e-01   3.2178683e-01
  -7.3592410e-01   5.2959211e-01   4.2183874e-01
  -7.2068664e-01   6.1405538e-01   3.2178683e-01
  -6.9076836e-01   6.9076836e-01   2.1372447e-01
  -5.3916387e-01   5.3916387e-01   6.4699664e-01
  -6.4699664e-01   5.3916387e-01   5.3916387e-01
  -5.3916387e-01   6.4699664e-01   5.3916387e-01
  -9.9025285e-01  -9.8486770e-02   9.8486770e-02
  -9.9518473e-01  -9.8017140e-02   6.1232340e-17
  -9.5068998e-01  -1.0031849e-01   2.9347019e-01
  -9.7511744e-01  -9.9878611e-02   1.9791473e-01
  -9.7511744e-01  -1.9791473e-01   9.9878611e-02
  -9.5068998e-01  -2.9347019e-01   1.0031849e-01
  -9.5694034e-01  -2.9028468e-01   6.1232340e-17
  -8.6851337e-01  -1.0534740e-01   4.8434125e-01
  -9.1227153e-01  -1.0501866e-01   3.9589359e-01
  -7.5434448e-01  -1.0657419e-01   6.4777029e-01
  -8.1487019e-01  -1.0628824e-01   5.6981522e-01
  -8.4374549e-01  -2.1114878e-01   4.9346706e-01
  -8.0951134e-01  -3.1245971e-01   4.9705163e-01
  -8.5827394e-01  -3.1030660e-01   4.0874890e-01
  -9.1227153e-01  -3.9589359e-01   1.0501866e-01
  -8.6851337e-01  -4.8434125e-01   1.0534740e-01
  -8.8192126e-01  -4.7139674e-01   6.1232340e-17
  -8.5827394e-01  -4.0874890e-01   3.1030660e-01
  -8.0951134e-01  -4.9705163e-01   3.1245971e-01
  -8.4374549e-01  -4.9346706e-01   2.1114878e-01
  -8.1487019e-01  -5.6981522e-01   1.0628824e-01
  -7.5434448e-01  -6.4777029e-01   1.0657419e-01
  -7.7301045e-01  -6.3439328e-01   6.1232340e-17
  -9.3051846e-01  -2.0501725e-01   3.0348528e-01
  -8.9897507e-01  -3.0971263e-01   3.0971263e-01
  -9.3051846e-01  -3.0348528e-01   2.0501725e-01
  -5.6981522e-01  -1.0628824e-01   8.1487019e-01
  -6.4777029e-01  -1.0657419e-01   7.5434448e-01
  -3.9589359e-01  -1.0501866e-01   9.1227153e-01
  -4.8434125e-01  -1.0534740e-01   8.6851337e-01
  -4.9346706e-01  -2.1114878e-01   8.4374549e-01
  -4.0874890e-01  -3.1030660e-01   8.5827394e-01
  -4.9705163e-01  -3.1245971e-01   8.0951134e-01
  -1.9791473e-01  -9.9878611e-02   9.7511744e-01
  -2.9347019e-01  -1.0031849e-01   9.5068998e-01
   6.0018189e-18  -9.8017140e-02   9.9518473e-01
  -9.8486770e-02  -9.8486770e-02   9.9025285e-01
  -9.9878611e-02  -1.9791473e-01   9.7511744e-01
   1.7774810e-17  -2.9028468e-01   9.5694034e-01
  -1.0031849e-01  -2.9347019e-01   9.5068998e-01
  -3.1030660e-01  -4.0874890e-01   8.5827394e-01
  -2.1114878e-01  -4.9346706e-01   8.4374549e-01
  -3.1245971e-01  -4.9705163e-01   8.0951134e-01
  -1.0501866e-01  -3.9589359e-01   9.1227153e-01
   2.8864725e-17  -4.7139674e-01   8.8192126e-01
  -1.0534740e-01  -4.8434125e-01   8.6851337e-01
  -1.0628824e-01  -5.6981522e-01   8.1487019e-01
   3.8845385e-17  -6.3439328e-01   7.7301045e-01
  -1.0657419e-01  -6.4777029e-01   7.5434448e-01
  -3.0348528e-01  -2.0501725e-01   9.3051846e-01
  -2.0501725e-01  -3.0348528e-01   9.3051846e-01
  -3.0971263e-01  -3.0971263e-01   8.9897507e-01
  -6.4777029e-01  -7.5434448e-01   1.0657419e-01
  -5.6981522e-01  -8.1487019e-01   1.0628824e-01
  -6.3439328e-01  -7.7301045e-01   6.1232340e-17
  -4.9705163e-01  -8.0951134e-01   3.1245971e-01
  -4.0874890e-01  -8.5827394e-01   3.1030660e-01
  -4.9346706e-01  -8.4374549e-01   2.1114878e-01
  -4.8434125e-01  -8.6851337e-01   1.0534740e-01
  -3.9589359e-01  -9.1227153e-01   1.0501866e-01
  -4.7139674e-01  -8.8192126e-01   6.1232340e-17
  -3.1245971e-01  -8.0951134e-01   4.9705163e-01
  -2.1114878e-01  -8.4374549e-01   4.9346706e-01
  -3.1030660e-01  -8.5827394e-01   4.0874890e-01
  -1.0657419e-01  -7.5434448e-01   6.4777029e-01
   4.7333239e-17  -7.7301045e-01   6.3439328e-01
  -1.0628824e-01  -8.1487019e-01   5.6981522e-01
  -1.0534740e-01  -8.6851337e-01   4.8434125e-01
   5.4002103e-17  -8.8192126e-01   4.7139674e-01
  -1.0501866e-01  -9.1227153e-01   3.9589359e-01
  -2.9347019e-01  -9.5068998e-01   1.0031849e-01
  -1.9791473e-01  -9.7511744e-01   9.9878611e-02
  -2.9028468e-01  -9.5694034e-01   6.1232340e-17
  -1.0031849e-01  -9.5068998e-01   2.9347019e-01
   5.8595696e-17  -9.5694034e-01   2.9028468e-01
  -9.9878611e-02  -9.7511744e-01   1.9791473e-01
  -9.8486770e-02  -9.9025285e-01   9.8486770e-02
   6.0937490e-17  -9.9518473e-01   9.8017140e-02
  -9.8017140e-02  -9.9518473e-01   6.1232340e-17
  -3.0971263e-01  -8.9897507e-01   3.0971263e-01
  -2.0501725e-01  -9.3051846e-01   3.0348528e-01
  -3.0348528e-01  -9.3051846e-01   2.0501725e-01
  -6.9076836e-01  -2.1372447e-01   6.9076836e-01
  -5.2959211e-01  -4.2183874e-01   7.3592410e-01
  -6.1405538e-01  -3.2178683e-01   7.2068664e-01
  -7.2068664e-01  -3.2178683e-01   6.1405538e-01
  -7.3592410e-01  -4.2183874e-01   5.2959211e-01
  -3.2178683e-01  -6.1405538e-01   7.2068664e-01
  -4.2183874e-01  -5.2959211e-01   7.3592410e-01
  -2.1372447e-01  -6.9076836e-01   6.9076836e-01
  -3.2178683e-01  -7.2068664e-01   6.1405538e-01
  -4.2183874e-01  -7.3592410e-01   5.2959211e-01
  -7.3592410e-01  -5.2959211e-01   4.2183874e-01
  -7.2068664e-01  -6.1405538e-01   3.2178683e-01
  -5.2959211e-01  -7.3592410e-01   4.2183874e-01
  -6.1405538e-01  -7.2068664e-01   3.2178683e-01
  -6.9076836e-01  -6.9076836e-01   2.1372447e-01
  -5.3916387e-01  -5.3916387e-01   6.4699664e-01
  -5.3916387e-01  -6.4699664e-01   5.3916387e-01
  -6.4699664e-01  -5.3916387e-01   5.3916387e-01
   9.8486770e-02  -9.9025285e-01   9.8486770e-02
   9.8017140e-02  -9.9518473e-01   6.1232340e-17
   1.0031849e-01  -9.5068998e-01   2.9347019e-01
   9.9878611e-02  -9.7511744e-01   1.9791473e-01
   1.9791473e-01  -9.7511744e-01   9.9878611e-02
   2.9347019e-01  -9.5068998e-01   1.0031849e-01
   2.9028468e-01  -9.5694034e-01   6.1232340e-17
   1.0534740e-01  -8.6851337e-01   4.8434125e-01
   1.0501866e-01  -9.1227153e-01   3.9589359e-01
   1.0657419e-01  -7.5434448e-01   6.4777029e-01
   1.0628824e-01  -8.1487019e-01   5.6981522e-01
   2.1114878e-01  -8.4374549e-01   4.9346706e-01
   3.1245971e-01  -8.0951134e-01   4.9705163e-01
   3.1030660e-01  -8.5827394e-01   4.0874890e-01
   3.9589359e-01  -9.1227153e-01   1.0501866e-01
   4.8434125e-01  -8.6851337e-01   1.0534740e-01
   4.7139674e-01  -8.8192126e-01   6.1232340e-17
   4.0874890e-01  -8.5827394e-01   3.1030660e-01
   4.9705163e-01  -8.0951134e-01   3.1245971e-01
   4.9346706e-01  -8.4374549e-01   2.1114878e-01
   5.6981522e-01  -8.1487019e-01   1.0628824e-01
   6.4777029e-01  -7.5434448e-01   1.0657419e-01
   6.3439328e-01  -7.7301045e-01   6.1232340e-17
   2.0501725e-01  -9.3051846e-01   3.0348528e-01
   3.0971263e-01  -8.9897507e-01   3.0971263e-01
   3.0348528e-01  -9.3051846e-01   2.0501725e-01
   1.0628824e-01  -5.6981522e-01   8.1487019e-01
   1.0657419e-01  -6.4777029e-01   7.5434448e-01
   1.0501866e-01  -3.9589359e-01   9.1227153e-01
   1.0534740e-01  -4.8434125e-01   8.6851337e-01
   2.1114878e-01  -4.9346706e-01   8.4374549e-01
   3.1030660e-01  -4.0874890e-01   8.5827394e-01
   3.1245971e-01  -4.9705163e-01   8.0951134e-01
   9.9878611e-02  -1.9791473e-01   9.7511744e-01
   1.0031849e-01  -2.9347019e-01   9.5068998e-01
   9.8486770e-02  -9.8486770e-02   9.9025285e-01
   1.9791473e-01  -9.9878611e-02   9.7511744e-01
   2.9347019e-01  -1.0031849e-01   9.5068998e-01
   4.0874890e-01  -3.1030660e-01   8.5827394e-01
   4.9346706e-01  -2.1114878e-01   8.4374549e-01
   4.9705163e-01  -3.1245971e-01   8.0951134e-01
   3.9589359e-01  -1.0501866e-01   9.1227153e-01
   4.8434125e-01  -1.0534740e-01   8.6851337e-01
   5.6981522e-01  -1.0628824e-01   8.1487019e-01
   6.4777029e-01  -1.0657419e-01   7.5434448e-01
   2.0501725e-01  -3.0348528e-01   9.3051846e-01
   3.0348528e-01  -2.0501725e-01   9.3051846e-01
   3.0971263e-01  -3.0971263e-01   8.9897507e-01
   7.5434448e-01  -6.4777029e-01   1.0657419e-01
   8.1487019e-01  -5.6981522e-01   1.0628824e-01
   7.7301045e-01  -6.3439328e-01   6.1232340e-17
   8.0951134e-01  -4.9705163e-01   3.1245971e-01
   8.5827394e-01  -4.0874890e-01   3.1030660e-01
   8.4374549e-01  -4.9346706e-01   2.1114878e-01
   8.6851337e-01  -4.8434125e-01   1.0534740e-01
   9.1227153e-01  -3.9589359e-01   1.0501866e-01
   8.8192126e-01  -4.7139674e-01   6.1232340e-17
   8.0951134e-01  -3.1245971e-01   4.9705163e-01
   8.4374549e-01  -2.1114878e-01   4.9346706e-01
   8.5827394e-01  -3.1030660e-01   4.0874890e-01
   7.5434448e-01  -1.0657419e-01   6.4777029e-01
   8.1487019e-01  -1.0628824e-01   5.6981522e-01
   8.6851337e-01  -1.0534740e-01   4.8434125e-01
   9.1227153e-01  -1.0501866e-01   3.9589359e-01
   9.5068998e-01  -2.9347019e-01   1.0031849e-01
   9.7511744e-01  -1.9791473e-01   9.9878611e-02
   9.5694034e-01  -2.9028468e-01   6.1232340e-17
   9.5068998e-01  -1.0031849e-01   2.9347019e-01
   9.7511744e-01  -9.9878611e-02   1.9791473e-01
   9.9025285e-01  -9.8486770e-02   9.8486770e-02
   9.9518473e-01  -9.8017140e-02   6.1232340e-17
   8.9897507e-01  -3.0971263e-01   3.0971263e-01
   9.3051846e-01  -2.0501725e-01   3.0348528e-01
   9.3051846e-01  -3.0348528e-01   2.0501725e-01
   2.1372447e-01  -6.9076836e-01   6.9076836e-01
   4.2183874e-01  -5.2959211e-01   7.3592410e-01
   3.2178683e-01  -6.1405538e-01   7.2068664e-01
   3.2178683e-01  -7.2068664e-01   6.1405538e-01
   4.2183874e-01  -7.3592410e-01   5.2959211e-01
   6.1405538e-01  -3.2178683e-01   7.2068664e-01
   5.2959211e-01  -4.2183874e-01   7.3592410e-01
   6.9076836e-01  -2.1372447e-01   6.9076836e-01
   7.2068664e-01  -3.2178683e-01   6.1405538e-01
   7.3592410e-01  -4.2183874e-01   5.2959211e-01
   5.2959211e-01  -7.3592410e-01   4.2183874e-01
   6.1405538e-01  -7.2068664e-01   3.2178683e-01
   7.3592410e-01  -5.2959211e-01   4.2183874e-01
   7.2068664e-01  -6.1405538e-01   3.2178683e-01
   6.9076836e-01  -6.9076836e-01   2.1372447e-01
   5.3916387e-01  -5.3916387e-01   6.4699664e-01
   6.4699664e-01  -5.3916387e-01   5.3916387e-01
   5.3916387e-01  -6.4699664e-01   5.3916387e-01
   9.9025285e-01   9.8486770e-02  -9.8486770e-02
   9.9518473e-01   0.0000000e+00  -9.8017140e-02
   9.5068998e-01   2.9347019e-01  -1.0031849e-01
   9.7511744e-01   1.9791473e-01  -9.9878611e-02
   9.7511744e-01   9.9878611e-02  -1.9791473e-01
   9.5068998e-01   1.0031849e-01  -2.9347019e-01
   9.5694034e-01   0.0000000e+00  -2.9028468e-01
   8.6851337e-01   4.8434125e-01  -1.0534740e-01
   9.1227153e-01   3.9589359e-01  -1.0501866e-01
   7.5434448e-01   6.4777029e-01  -1.0657419e-01
   8.1487019e-01   5.6981522e-01  -1.0628824e-01
   8.4374549e-01   4.9346706e-01  -2.1114878e-01
   8.0951134e-01   4.9705163e-01  -3.1245971e-01
   8.5827394e-01   4.0874890e-01  -3.1030660e-01
   9.1227153e-01   1.0501866e-01  -3.9589359e-01
   8.6851337e-01   1.0534740e-01  -4.8434125e-01
   8.8192126e-01   0.0000000e+00  -4.7139674e-01
   8.5827394e-01   3.1030660e-01  -4.0874890e-01
   8.0951134e-01   3.1245971e-01  -4.9705163e-01
   8.4374549e-01   2.1114878e-01  -4.9346706e-01
   8.1487019e-01   1.0628824e-01  -5.6981522e-01
   7.5434448e-01   1.0657419e-01  -6.4777029e-01
   7.7301045e-01   0.0000000e+00  -6.3439328e-01
   9.3051846e-01   3.0348528e-01  -2.0501725e-01
   8.9897507e-01   3.0971263e-01  -3.0971263e-01
   9.3051846e-01   2.0501725e-01  -3.0348528e-01
   5.6981522e-01   8.1487019e-01  -1.0628824e-01
   6.4777029e-01   7.5434448e-01  -1.0657419e-01
   3.9589359e-01   9.1227153e-01  -1.0501866e-01
   4.8434125e-01   8.6851337e-01  -1.0534740e-01
   4.9346706e-01   8.4374549e-01  -2.1114878e-01
   4.0874890e-01   8.5827394e-01  -3.1030660e-01
   4.9705163e-01   8.0951134e-01  -3.1245971e-01
   1.9791473e-01   9.7511744e-01  -9.9878611e-02
   2.9347019e-01   9.5068998e-01  -1.0031849e-01
   6.0937490e-17   9.9518473e-01  -9.8017140e-02
   9.8486770e-02   9.9025285e-01  -9.8486770e-02
   9.9878611e-02   9.7511744e-01  -1.9791473e-01
   5.8595696e-17   9.5694034e-01  -2.9028468e-01
   1.0031849e-01   9.5068998e-01  -2.9347019e-01
   3.1030660e-01   8.5827394e-01  -4.0874890e-01
   2.1114878e-01   8.4374549e-01  -4.9346706e-01
   3.1245971e-01   8.0951134e-01  -4.9705163e-01
   1.0501866e-01   9.1227153e-01  -3.9589359e-01
   5.4002103e-17   8.8192126e-01  -4.7139674e-01
   1.0534740e-01   8.6851337e-01  -4.8434125e-01
   1.0628824e-01   8.1487019e-01  -5.6981522e-01
   4.7333239e-17   7.7301045e-01  -6.3439328e-01
   1.0657419e-01   7.5434448e-01  -6.4777029e-01
   3.0348528e-01   9.3051846e-01  -2.0501725e-01
   2.0501725e-01   9.3051846e-01  -3.0348528e-01
   3.0971263e-01   8.9897507e-01  -3.0971263e-01
   6.4777029e-01   1.0657419e-01  -7.5434448e-01
   5.6981522e-01   1.0628824e-01  -8.1487019e-01
   6.3439328e-01   0.0000000e+00  -7.7301045e-01
   4.9705163e-01   3.1245971e-01  -8.0951134e-01
   4.0874890e-01   3.1030660e-01  -8.5827394e-01
   4.9346706e-01   2.1114878e-01  -8.4374549e-01
   4.8434125e-01   1.0534740e-01  -8.6851337e-01
   3.9589359e-01   1.0501866e-01  -9.1227153e-01
   4.7139674e-01   0.0000000e+00  -8.8192126e-01
   3.1245971e-01   4.9705163e-01  -8.0951134e-01
   2.1114878e-01   4.9346706e-01  -8.4374549e-01
   3.1030660e-01   4.0874890e-01  -8.5827394e-01
   1.0657419e-01   6.4777029e-01  -7.5434448e-01
   3.8845385e-17   6.3439328e-01  -7.7301045e-01
   1.0628824e-01   5.6981522e-01  -8.1487019e-01
   1.0534740e-01   4.8434125e-01  -8.6851337e-01
   2.8864725e-17   4.7139674e-01  -8.8192126e-01
   1.0501866e-01   3.9589359e-01  -9.1227153e-01
   2.9347019e-01   1.0031849e-01  -9.5068998e-01
   1.9791473e-01   9.9878611e-02  -9.7511744e-01
   2.9028468e-01   0.0000000e+00  -9.5694034e-01
   1.0031849e-01   2.9347019e-01  -9.5068998e-01
   8.2230957e-17   2.9028468e-01  -9.5694034e-01
   9.9878611e-02   1.9791473e-01  -9.7511744e-01
   9.8486770e-02   9.8486770e-02  -9.9025285e-01
   1.1482270e-16   9.8017140e-02  -9.9518473e-01
   9.8017140e-02   0.0000000e+00  -9.9518473e-01
   3.0971263e-01   3.0971263e-01  -8.9897507e-01
   2.0501725e-01   3.0348528e-01  -9.3051846e-01
   3.0348528e-01   2.0501725e-01  -9.3051846e-01
   6.9076836e-01   6.9076836e-01  -2.1372447e-01
   5.2959211e-01   7.3592410e-01  -4.2183874e-01
   6.1405538e-01   7.2068664e-01  -3.2178683e-01
   7.2068664e-01   6.1405538e-01  -3.2178683e-01
   7.3592410e-01   5.2959211e-01  -4.2183874e-01
   3.2178683e-01   7.2068664e-01  -6.1405538e-01
   4.2183874e-01   7.3592410e-01  -5.2959211e-01
   2.1372447e-01   6.9076836e-01  -6.9076836e-01
   3.2178683e-01   6.1405538e-01  -7.2068664e-01
   4.2183874e-01   5.2959211e-01  -7.3592410e-01
   7.3592410e-01   4.2183874e-01  -5.2959211e-01
   7.2068664e-01   3.2178683e-01  -6.1405538e-01
   5.2959211e-01   4.2183874e-01  -7.3592410e-01
   6.1405538e-01   3.2178683e-01  -7.2068664e-01
   6.9076836e-01   2.1372447e-01  -6.9076836e-01
   5.3916387e-01   6.4699664e-01  -5.3916387e-01
   5.3916387e-01   5.3916387e-01  -6.4699664e-01
   6.4699664e-01   5.3916387e-01  -5.3916387e-01
  -9.8486770e-02   9.9025285e-01  -9.8486770e-02
  -2.9347019e-01   9.5068998e-01  -1.0031849e-01
  -1.9791473e-01   9.7511744e-01  -9.9878611e-02
  -9.9878611e-02   9.7511744e-01  -1.9791473e-01
  -1.0031849e-01   9.5068998e-01  -2.9347019e-01
  -4.8434125e-01   8.6851337e-01  -1.0534740e-01
  -3.9589359e-01   9.1227153e-01  -1.0501866e-01
  -6.4777029e-01   7.5434448e-01  -1.0657419e-01
  -5.6981522e-01   8.1487019e-01  -1.0628824e-01
  -4.9346706e-01   8.4374549e-01  -2.1114878e-01
  -4.9705163e-01   8.0951134e-01  -3.1245971e-01
  -4.0874890e-01   8.5827394e-01  -3.1030660e-01
  -1.0501866e-01   9.1227153e-01  -3.9589359e-01
  -1.0534740e-01   8.6851337e-01  -4.8434125e-01
  -3.1030660e-01   8.5827394e-01  -4.0874890e-01
  -3.1245971e-01   8.0951134e-01  -4.9705163e-01
  -2.1114878e-01   8.4374549e-01  -4.9346706e-01
  -1.0628824e-01   8.1487019e-01  -5.6981522e-01
  -1.0657419e-01   7.5434448e-01  -6.4777029e-01
  -3.0348528e-01   9.3051846e-01  -2.0501725e-01
  -3.0971263e-01   8.9897507e-01  -3.0971263e-01
  -2.0501725e-01   9.3051846e-01  -3.0348528e-01
  -8.1487019e-01   5.6981522e-01  -1.0628824e-01
  -7.5434448e-01   6.4777029e-01  -1.0657419e-01
  -9.1227153e-01   3.9589359e-01  -1.0501866e-01
  -8.6851337e-01   4.8434125e-01  -1.0534740e-01
  -8.4374549e-01   4.9346706e-01  -2.1114878e-01
  -8.5827394e-01   4.0874890e-01  -3.1030660e-01
  -8.0951134e-01   4.9705163e-01  -3.1245971e-01
  -9.7511744e-01   1.9791473e-01  -9.9878611e-02
  -9.5068998e-01   2.9347019e-01  -1.0031849e-01
  -9.9518473e-01   1.2187498e-16  -9.8017140e-02
  -9.9025285e-01   9.8486770e-02  -9.8486770e-02
  -9.7511744e-01   9.9878611e-02  -1.9791473e-01
  -9.5694034e-01   1.1719139e-16  -2.9028468e-01
  -9.5068998e-01   1.0031849e-01  -2.9347019e-01
  -8.5827394e-01   3.1030660e-01  -4.0874890e-01
  -8.4374549e-01   2.1114878e-01  -4.9346706e-01
  -8.0951134e-01   3.1245971e-01  -4.9705163e-01
  -9.1227153e-01   1.0501866e-01  -3.9589359e-01
  -8.8192126e-01   1.0800421e-16  -4.7139674e-01
  -8.6851337e-01   1.0534740e-01  -4.8434125e-01
  -8.1487019e-01   1.0628824e-01  -5.6981522e-01
  -7.7301045e-01   9.4666478e-17  -6.3439328e-01
  -7.5434448e-01   1.0657419e-01  -6.4777029e-01
  -9.3051846e-01   3.0348528e-01  -2.0501725e-01
  -9.3051846e-01   2.0501725e-01  -3.0348528e-01
  -8.9897507e-01   3.0971263e-01  -3.0971263e-01
  -1.0657419e-01   6.4777029e-01  -7.5434448e-01
  -1.0628824e-01   5.6981522e-01  -8.1487019e-01
  -3.1245971e-01   4.9705163e-01  -8.0951134e-01
  -3.1030660e-01   4.0874890e-01  -8.5827394e-01
  -2.1114878e-01   4.9346706e-01  -8.4374549e-01
  -1.0534740e-01   4.8434125e-01  -8.6851337e-01
  -1.0501866e-01   3.9589359e-01  -9.1227153e-01
  -4.9705163e-01   3.1245971e-01  -8.0951134e-01
  -4.9346706e-01   2.1114878e-01  -8.4374549e-01
  -4.0874890e-01   3.1030660e-01  -8.5827394e-01
  -6.4777029e-01   1.0657419e-01  -7.5434448e-01
  -6.3439328e-01   7.7690770e-17  -7.7301045e-01
  -5.6981522e-01   1.0628824e-01  -8.1487019e-01
  -4.8434125e-01   1.0534740e-01  -8.6851337e-01
  -4.7139674e-01   5.7729450e-17  -8.8192126e-01
  -3.9589359e-01   1.0501866e-01  -9.1227153e-01
  -1.0031849e-01   2.9347019e-01  -9.5068998e-01
  -9.9878611e-02   1.9791473e-01  -9.7511744e-01
  -2.9347019e-01   1.0031849e-01  -9.5068998e-01
  -2.9028468e-01   3.5549620e-17  -9.5694034e-01
  -1.9791473e-01   9.9878611e-02  -9.7511744e-01
  -9.8486770e-02   9.8486770e-02  -9.9025285e-01
  -9.8017140e-02   1.2003638e-17  -9.9518473e-01
  -3.0971263e-01   3.0971263e-01  -8.9897507e-01
  -3.0348528e-01   2.0501725e-01  -9.3051846e-01
  -2.0501725e-01   3.0348528e-01  -9.3051846e-01
  -6.9076836e-01   6.9076836e-01  -2.1372447e-01
  -7.3592410e-01   5.2959211e-01  -4.2183874e-01
  -7.2068664e-01   6.1405538e-01  -3.2178683e-01
  -6.1405538e-01   7.2068664e-01  -3.2178683e-01
  -5.2959211e-01   7.3592410e-01  -4.2183874e-01
  -7.2068664e-01   3.2178683e-01  -6.1405538e-01
  -7.3592410e-01   4.2183874e-01  -5.2959211e-01
  -6.9076836e-01   2.1372447e-01  -6.9076836e-01
  -6.1405538e-01   3.2178683e-01  -7.2068664e-01
  -5.2959211e-01   4.2183874e-01  -7.3592410e-01
  -4.2183874e-01   7.3592410e-01  -5.2959211e-01
  -3.2178683e-01   7.2068664e-01  -6.1405538e-01
  -4.2183874e-01   5.2959211e-01  -7.3592410e-01
  -3.2178683e-01   6.1405538e-01  -7.2068664e-01
  -2.1372447e-01   6.9076836e-01  -6.9076836e-01
  -6.4699664e-01   5.3916387e-01  -5.3916387e-01
  -5.3916387e-01   5.3916387e-01  -6.4699664e-01
  -5.3916387e-01   6.4699664e-01  -5.3916387e-01
  -9.9025285e-01  -9.8486770e-02  -9.8486770e-02
  -9.5068998e-01  -2.9347019e-01  -1.0031849e-01
  -9.7511744e-01  -1.9791473e-01  -9.9878611e-02
  -9.7511744e-01  -9.9878611e-02  -1.9791473e-01
  -9.5068998e-01  -1.0031849e-01  -2.9347019e-01
  -8.6851337e-01  -4.8434125e-01  -1.0534740e-01
  -9.1227153e-01  -3.9589359e-01  -1.0501866e-01
  -7.5434448e-01  -6.4777029e-01  -1.0657419e-01
  -8.1487019e-01  -5.6981522e-01  -1.0628824e-01
  -8.4374549e-01  -4.9346706e-01  -2.1114878e-01
  -8.0951134e-01  -4.9705163e-01  -3.1245971e-01
  -8.5827394e-01  -4.0874890e-01  -3.1030660e-01
  -9.1227153e-01  -1.0501866e-01  -3.9589359e-01
  -8.6851337e-01  -1.0534740e-01  -4.8434125e-01
  -8.5827394e-01  -3.1030660e-01  -4.0874890e-01
  -8.0951134e-01  -3.1245971e-01  -4.9705163e-01
  -8.4374549e-01  -2.1114878e-01  -4.9346706e-01
  -8.1487019e-01  -1.0628824e-01  -5.6981522e-01
  -7.5434448e-01  -1.0657419e-01  -6.4777029e-01
  -9.3051846e-01  -3.0348528e-01  -2.0501725e-01
  -8.9897507e-01  -3.0971263e-01  -3.0971263e-01
  -9.3051846e-01  -2.0501725e-01  -3.0348528e-01
  -5.6981522e-01  -8.1487019e-01  -1.0628824e-01
  -6.4777029e-01  -7.5434448e-01  -1.0657419e-01
  -3.9589359e-01  -9.1227153e-01  -1.0501866e-01
  -4.8434125e-01  -8.6851337e-01  -1.0534740e-01
  -4.9346706e-01  -8.4374549e-01  -2.1114878e-01
  -4.0874890e-01  -8.5827394e-01  -3.1030660e-01
  -4.9705163e-01  -8.0951134e-01  -3.1245971e-01
  -1.9791473e-01  -9.7511744e-01  -9.9878611e-02
  -2.9347019e-01  -9.5068998e-01  -1.0031849e-01
   6.0937490e-17  -9.9518473e-01  -9.8017140e-02
  -9.8486770e-02  -9.9025285e-01  -9.8486770e-02
  -9.9878611e-02  -9.7511744e-01  -1.9791473e-01
   5.8595696e-17  -9.5694034e-01  -2.9028468e-01
  -1.0031849e-01  -9.5068998e-01  -2.9347019e-01
  -3.1030660e-01  -8.5827394e-01  -4.0874890e-01
  -2.1114878e-01  -8.4374549e-01  -4.9346706e-01
  -3.1245971e-01  -8.0951134e-01  -4.9705163e-01
  -1.0501866e-01  -9.1227153e-01  -3.9589359e-01
   5.4002103e-17  -8.8192126e-01  -4.7139674e-01
  -1.0534740e-01  -8.6851337e-01  -4.8434125e-01
  -1.0628824e-01  -8.1487019e-01  -5.6981522e-01
   4.7333239e-17  -7.7301045e-01  -6.3439328e-01
  -1.0657419e-01  -7.5434448e-01  -6.4777029e-01
  -3.0348528e-01  -9.3051846e-01  -2.0501725e-01
  -2.0501725e-01  -9.3051846e-01  -3.0348528e-01
  -3.0971263e-01  -8.9897507e-01  -3.0971263e-01
  -6.4777029e-01  -1.0657419e-01  -7.5434448e-01
  -5.6981522e-01  -1.0628824e-01  -8.1487019e-01
  -4.9705163e-01  -3.1245971e-01  -8.0951134e-01
  -4.0874890e-01  -3.1030660e-01  -8.5827394e-01
  -4.9346706e-01  -2.1114878e-01  -8.4374549e-01
  -4.8434125e-01  -1.0534740e-01  -8.6851337e-01
  -3.9589359e-01  -1.0501866e-01  -9.1227153e-01
  -3.1245971e-01  -4.9705163e-01  -8.0951134e-01
  -2.1114878e-01  -4.9346706e-01  -8.4374549e-01
  -3.1030660e-01  -4.0874890e-01  -8.5827394e-01
  -1.0657419e-01  -6.4777029e-01  -7.5434448e-01
   3.8845385e-17  -6.3439328e-01  -7.7301045e-01
  -1.0628824e-01  -5.6981522e-01  -8.1487019e-01
  -1.0534740e-01  -4.8434125e-01  -8.6851337e-01
   2.8864725e-17  -4.7139674e-01  -8.8192126e-01
  -1.0501866e-01  -3.9589359e-01  -9.1227153e-01
  -2.9347019e-01  -1.0031849e-01  -9.5068998e-01
  -1.9791473e-01  -9.9878611e-02  -9.7511744e-01
  -1.0031849e-01  -2.9347019e-01  -9.5068998e-01
   8.2230957e-17  -2.9028468e-01  -9.5694034e-01
  -9.9878611e-02  -1.9791473e-01  -9.7511744e-01
  -9.8486770e-02  -9.8486770e-02  -9.9025285e-01
   1.1482270e-16  -9.8017140e-02  -9.9518473e-01
  -3.0971263e-01  -3.0971263e-01  -8.9897507e-01
  -2.0501725e-01  -3.0348528e-01  -9.3051846e-01
  -3.0348528e-01  -2.0501725e-01  -9.3051846e-01
  -6.9076836e-01  -6.9076836e-01  -2.1372447e-01
  -5.2959211e-01  -7.3592410e-01  -4.2183874e-01
  -6.1405538e-01  -7.2068664e-01  -3.2178683e-01
  -7.2068664e-01  -6.1405538e-01  -3.2178683e-01
  -7.3592410e-01  -5.2959211e-01  -4.2183874e-01
  -3.2178683e-01  -7.2068664e-01  -6.1405538e-01
  -4.2183874e-01  -7.3592410e-01  -5.2959211e-01
  -2.1372447e-01  -6.9076836e-01  -6.9076836e-01
  -3.2178683e-01  -6.1405538e-01  -7.2068664e-01
  -4.2183874e-01  -5.2959211e-01  -7.3592410e-01
  -7.3592410e-01  -4.2183874e-01  -5.2959211e-01
  -7.2068664e-01  -3.2178683e-01  -6.1405538e-01
  -5.2959211e-01  -4.2183874e-01  -7.3592410e-01
  -6.1405538e-01  -3.2178683e-01  -7.2068664e-01
  -6.9076836e-01  -2.1372447e-01  -6.9076836e-01
  -5.3916387e-01  -6.4699664e-01  -5.3916387e-01
  -5.3916387e-01  -5.3916387e-01  -6.4699664e-01
  -6.4699664e-01  -5.3916387e-01  -5.3916387e-01
   9.8486770e-02  -9.9025285e-01  -9.8486770e-02
   2.9347019e-01  -9.5068998e-01  -1.0031849e-01
   1.9791473e-01  -9.7511744e-01  -9.9878611e-02
   9.9878611e-02  -9.7511744e-01  -1.9791473e-01
   1.0031849e-01  -9.5068998e-01  -2.9347019e-01
   4.8434125e-01  -8.6851337e-01  -1.0534740e-01
   3.9589359e-01  -9.1227153e-01  -1.0501866e-01
   6.4777029e-01  -7.5434448e-01  -1.0657419e-01
   5.6981522e-01  -8.1487019e-01  -1.0628824e-01
   4.9346706e-01  -8.4374549e-01  -2.1114878e-01
   4.9705163e-01  -8.0951134e-01  -3.1245971e-01
   4.0874890e-01  -8.5827394e-01  -3.1030660e-01
   1.0501866e-01  -9.1227153e-01  -3.9589359e-01
   1.0534740e-01  -8.6851337e-01  -4.8434125e-01
   3.1030660e-01  -8.5827394e-01  -4.0874890e-01
   3.1245971e-01  -8.0951134e-01  -4.9705163e-01
   2.1114878e-01  -8.4374549e-01  -4.9346706e-01
   1.0628824e-01  -8.1487019e-01  -5.6981522e-01
   1.0657419e-01  -7.5434448e-01  -6.4777029e-01
   3.0348528e-01  -9.3051846e-01  -2.0501725e-01
   3.0971263e-01  -8.9897507e-01  -3.0971263e-01
   2.0501725e-01  -9.3051846e-01  -3.0348528e-01
   8.1487019e-01  -5.6981522e-01  -1.0628824e-01
   7.5434448e-01  -6.4777029e-01  -1.0657419e-01
   9.1227153e-01  -3.9589359e-01  -1.0501866e-01
   8.6851337e-01  -4.8434125e-01  -1.0534740e-01
   8.4374549e-01  -4.9346706e-01  -2.1114878e-01
   8.5827394e-01  -4.0874890e-01  -3.1030660e-01
   8.0951134e-01  -4.9705163e-01  -3.1245971e-01
   9.7511744e-01  -1.9791473e-01  -9.9878611e-02
   9.5068998e-01  -2.9347019e-01  -1.0031849e-01
   9.9025285e-01  -9.8486770e-02  -9.8486770e-02
   9.7511744e-01  -9.9878611e-02  -1.9791473e-01
   9.5068998e-01  -1.0031849e-01  -2.9347019e-01
   8.5827394e-01  -3.1030660e-01  -4.0874890e-01
   8.4374549e-01  -2.1114878e-01  -4.9346706e-01
   8.0951134e-01  -3.1245971e-01  -4.9705163e-01
   9.1227153e-01  -1.0501866e-01  -3.9589359e-01
   8.6851337e-01  -1.0534740e-01  -4.8434125e-01
   8.1487019e-01  -1.0628824e-01  -5.6981522e-01
   7.5434448e-01  -1.0657419e-01  -6.4777029e-01
   9.3051846e-01  -3.0348528e-01  -2.0501725e-01
   9.3051846e-01  -2.0501725e-01  -3.0348528e-01
   8.9897507e-01  -3.0971263e-01  -3.0971263e-01
   1.0657419e-01  -6.4777029e-01  -7.5434448e-01
   1.0628824e-01  -5.6981522e-01  -8.1487019e-01
   3.1245971e-01  -4.9705163e-01  -8.0951134e-01
   3.1030660e-01  -4.0874890e-01  -8.5827394e-01
   2.1114878e-01  -4.9346706e-01  -8.4374549e-01
   1.0534740e-01  -4.8434125e-01  -8.6851337e-01
   1.0501866e-01  -3.9589359e-01  -9.1227153e-01
   4.9705163e-01  -3.1245971e-01  -8.0951134e-01
   4.9346706e-01  -2.1114878e-01  -8.4374549e-01
   4.0874890e-01  -3.1030660e-01  -8.5827394e-01
   6.4777029e-01  -1.0657419e-01  -7.5434448e-01
   5.6981522e-01  -1.0628824e-01  -8.1487019e-01
   4.8434125e-01  -1.0534740e-01  -8.6851337e-01
   3.9589359e-01  -1.0501866e-01  -9.1227153e-01
   1.0031849e-01  -2.9347019e-01  -9.5068998e-01
   9.9878611e-02  -1.9791473e-01  -9.7511744e-01
   2.9347019e-01  -1.0031849e-01  -9.5068998e-01
   1.9791473e-01  -9.9878611e-02  -9.7511744e-01
   9.8486770e-02  -9.8486770e-02  -9.9025285e-01
   3.0971263e-01  -3.0971263e-01  -8.9897507e-01
   3.0348528e-01  -2.0501725e-01  -9.3051846e-01
   2.0501725e-01  -3.0348528e-01  -9.3051846e-01
   6.9076836e-01  -6.9076836e-01  -2.1372447e-01
   7.3592410e-01  -5.2959211e-01  -4.2183874e-01
   7.2068664e-01  -6.1405538e-01  -3.2178683e-01
   6.1405538e-01  -7.2068664e-01  -3.2178683e-01
   5.2959211e-01  -7.3592410e-01  -4.2183874e-01
   7.2068664e-01  -3.2178683e-01  -6.1405538e-01
   7.3592410e-01  -4.2183874e-01  -5.2959211e-01
   6.9076836e-01  -2.1372447e-01  -6.9076836e-01
   6.1405538e-01  -3.2178683e-01  -7.2068664e-01
   5.2959211e-01  -4.2183874e-01  -7.3592410e-01
   4.2183874e-01  -7.3592410e-01  -5.2959211e-01
   3.2178683e-01  -7.2068664e-01  -6.1405538e-01
   4.2183874e-01  -5.2959211e-01  -7.3592410e-01
   3.2178683e-01  -6.1405538e-01  -7.2068664e-01
   2.1372447e-01  -6.9076836e-01  -6.9076836e-01
   6.4699664e-01  -5.3916387e-01  -5.3916387e-01
   5.3916387e-01  -5.3916387e-01  -6.4699664e-01
   5.3916387e-01  -6.4699664e-01  -5.3916387e-01
