  -9.1467342e-01  -3.9891015e-01   6.5140041e-02
  -3.5333548e-01  -5.2207909e-01   7.7626507e-01
  -4.5107217e-01   1.8186111e-01   8.7376223e-01
  -1.4981235e-01  -3.0637296e-01   9.4004886e-01
  -7.7723664e-01   6.2340222e-01   8.5281158e-02
   7.0762227e-01  -2.9396294e-01   6.4253912e-01
   5.7319103e-01   4.7945834e-01   6.6450865e-01
   8.0343011e-02  -5.3675135e-01   8.3990653e-01
   2.2959847e-01   4.8409149e-01   8.4435773e-01
   5.9939885e-01  -6.1749975e-01   5.0932806e-01
  -1.1593344e-01  -7.4491395e-01   6.5701039e-01
   8.6040932e-01   4.9609711e-01   1.1654811e-01
  -8.2912216e-01   4.2809273e-01   3.5957344e-01
   4.1946417e-01  -4.5643724e-01   7.8467500e-01
   3.4063263e-01   7.2420607e-01   5.9957900e-01
   6.4976191e-01   6.6513980e-01   3.6796536e-01
   1.3657883e-01  -9.8852780e-01   6.4490393e-02
  -2.9159935e-01   7.8856129e-01   5.4142489e-01
  -9.5206674e-01   2.9988532e-01   6.0313434e-02
   1.5980980e-01   1.4155097e-01   9.7694634e-01
   9.1645910e-02   9.9076506e-01   9.9928082e-02
   8.1642211e-01   3.5119489e-01   4.5838531e-01
   4.6594628e-01   2.2235536e-01   8.5641821e-01
   1.8212850e-01  -2.0415217e-01   9.6184775e-01
  -5.0642592e-01  -6.8933561e-01   5.1802433e-01
   7.4583368e-02   8.8565259e-01   4.5831954e-01
  -5.3823268e-01  -8.2800290e-01   1.5721572e-01
   7.3270260e-01   9.2995687e-02   6.7416519e-01
  -1.1548561e-01   3.7686402e-01   9.1904112e-01
  -3.8620571e-01   5.2166531e-01   7.6073021e-01
   8.9815179e-01  -7.8915928e-02   4.3254552e-01
   4.1077597e-01  -8.5820911e-01   3.0779899e-01
  -2.9181291e-02   6.7827295e-01   7.3423039e-01
   9.6231976e-01   1.7170181e-01   2.1085344e-01
  -8.7981823e-01  -2.5310899e-01   4.0231295e-01
  -6.6565260e-01  -3.9087830e-01   6.3570494e-01
  -8.9883634e-01   1.0377236e-01   4.2582219e-01
   6.9893409e-01  -6.9573477e-01   1.6566313e-01
   8.4735721e-01  -4.1361169e-01   3.3303321e-01
  -5.2882321e-01   8.2508216e-01   1.9896087e-01
  -4.6972250e-01  -1.7795841e-01   8.6469161e-01
   3.9401743e-01   8.7737689e-01   2.7378834e-01
   4.9454662e-01  -1.1710463e-01   8.6122595e-01
  -2.6919757e-01  -8.8575508e-01   3.7811453e-01
  -1.6457743e-01   2.8451461e-02   9.8595374e-01
  -2.0986844e-01  -9.7606540e-01   5.7022592e-02
   2.7104100e-01  -7.3856034e-01   6.1730494e-01
  -5.9627164e-01   6.4015226e-01   4.8442256e-01
  -6.7900163e-01   3.2078961e-01   6.6034144e-01
  -7.2510482e-01  -3.5616456e-02   6.8771686e-01
   6.9744671e-02  -9.1820945e-01   3.8990651e-01
  -9.9119454e-01  -3.8177628e-02   1.2679062e-01
   9.8521481e-01  -1.5061810e-01   8.1645312e-02
  -7.5432615e-01  -5.8085247e-01   3.0594519e-01
  -2.0672470e-01   9.4493074e-01   2.5371401e-01
   9.1467342e-01   3.9891015e-01  -6.5140041e-02
   3.5333548e-01   5.2207909e-01  -7.7626507e-01
   4.5107217e-01  -1.8186111e-01  -8.7376223e-01
   1.4981235e-01   3.0637296e-01  -9.4004886e-01
   7.7723664e-01  -6.2340222e-01  -8.5281158e-02
  -7.0762227e-01   2.9396294e-01  -6.4253912e-01
  -5.7319103e-01  -4.7945834e-01  -6.6450865e-01
  -8.0343011e-02   5.3675135e-01  -8.3990653e-01
  -2.2959847e-01  -4.8409149e-01  -8.4435773e-01
  -5.9939885e-01   6.1749975e-01  -5.0932806e-01
   1.1593344e-01   7.4491395e-01  -6.5701039e-01
  -8.6040932e-01  -4.9609711e-01  -1.1654811e-01
   8.2912216e-01  -4.2809273e-01  -3.5957344e-01
  -4.1946417e-01   4.5643724e-01  -7.8467500e-01
  -3.4063263e-01  -7.2420607e-01  -5.9957900e-01
  -6.4976191e-01  -6.6513980e-01  -3.6796536e-01
  -1.3657883e-01   9.8852780e-01  -6.4490393e-02
   2.9159935e-01  -7.8856129e-01  -5.4142489e-01
   9.5206674e-01  -2.9988532e-01  -6.0313434e-02
  -1.5980980e-01  -1.4155097e-01  -9.7694634e-01
  -9.1645910e-02  -9.9076506e-01  -9.9928082e-02
  -8.1642211e-01  -3.5119489e-01  -4.5838531e-01
  -4.6594628e-01  -2.2235536e-01  -8.5641821e-01
  -1.8212850e-01   2.0415217e-01  -9.6184775e-01
   5.0642592e-01   6.8933561e-01  -5.1802433e-01
  -7.4583368e-02  -8.8565259e-01  -4.5831954e-01
   5.3823268e-01   8.2800290e-01  -1.5721572e-01
  -7.3270260e-01  -9.2995687e-02  -6.7416519e-01
   1.1548561e-01  -3.7686402e-01  -9.1904112e-01
   3.8620571e-01  -5.2166531e-01  -7.6073021e-01
  -8.9815179e-01   7.8915928e-02  -4.3254552e-01
  -4.1077597e-01   8.5820911e-01  -3.0779899e-01
   2.9181291e-02  -6.7827295e-01  -7.3423039e-01
  -9.6231976e-01  -1.7170181e-01  -2.1085344e-01
   8.7981823e-01   2.5310899e-01  -4.0231295e-01
   6.6565260e-01   3.9087830e-01  -6.3570494e-01
   8.9883634e-01  -1.0377236e-01  -4.2582219e-01
  -6.9893409e-01   6.9573477e-01  -1.6566313e-01
  -8.4735721e-01   4.1361169e-01  -3.3303321e-01
   5.2882321e-01  -8.2508216e-01  -1.9896087e-01
   4.6972250e-01   1.7795841e-01  -8.6469161e-01
  -3.9401743e-01  -8.7737689e-01  -2.7378834e-01
  -4.9454662e-01   1.1710463e-01  -8.6122595e-01
   2.6919757e-01   8.8575508e-01  -3.7811453e-01
   1.6457743e-01  -2.8451461e-02  -9.8595374e-01
   2.0986844e-01   9.7606540e-01  -5.7022592e-02
  -2.7104100e-01   7.3856034e-01  -6.1730494e-01
   5.9627164e-01  -6.4015226e-01  -4.8442256e-01
   6.7900163e-01  -3.2078961e-01  -6.6034144e-01
   7.2510482e-01   3.5616456e-02  -6.8771686e-01
  -6.9744671e-02   9.1820945e-01  -3.8990651e-01
   9.9119454e-01   3.8177628e-02  -1.2679062e-01
  -9.8521481e-01   1.5061810e-01  -8.1645312e-02
   7.5432615e-01   5.8085247e-01  -3.0594519e-01
   2.0672470e-01  -9.4493074e-01  -2.5371401e-01
