  -0.26892000000000   0.42607100000000  -0.86379700000000
   0.38917400000000  -0.46427500000000  -0.79560800000000
   0.44492800000000  -0.19757400000000   0.87350100000000
  -0.13304300000000  -0.94136600000000   0.31004600000000
  -0.80352800000000   0.30367100000000  -0.51198400000000
   0.57042900000000  -0.81811900000000  -0.07274770000000
   0.54669100000000  -0.38086900000000  -0.74569900000000
  -0.69472900000000  -0.13027900000000  -0.70737500000000
   0.43682700000000   0.35415800000000   0.82689400000000
   0.99965600000000   0.02523940000000   0.00720063000000
   0.90074200000000   0.01760290000000   0.43399800000000
   0.11717400000000  -0.80176500000000   0.58604000000000
   0.27014600000000   0.94379700000000  -0.19044400000000
   0.43111300000000  -0.01814410000000   0.90211500000000
   0.95422000000000  -0.15241000000000  -0.25736400000000
  -0.68430500000000   0.27779800000000   0.67420700000000
  -0.60321300000000   0.57732100000000  -0.55030500000000
   0.81216300000000   0.07814220000000   0.57817500000000
   0.93781900000000  -0.31250800000000  -0.15110900000000
   0.93818800000000   0.01395570000000  -0.34584500000000
   0.13133100000000   0.69780500000000   0.70414500000000
   0.55800400000000   0.67293300000000  -0.48558500000000
  -0.81052200000000  -0.39045200000000  -0.43658000000000
  -0.67438800000000  -0.67517100000000  -0.29890700000000
   0.06690910000000   0.05147040000000  -0.99643100000000
   0.85479400000000   0.21984100000000   0.47010400000000
  -0.89620900000000  -0.33647700000000  -0.28912300000000
   0.82872100000000   0.55941700000000  -0.01656850000000
   0.54077600000000  -0.53188600000000  -0.65165800000000
  -0.44601100000000  -0.51436500000000  -0.73246400000000
   0.43144700000000  -0.37466500000000   0.82065800000000
  -0.52912200000000  -0.51779900000000   0.67224500000000
  -0.14320400000000   0.92076200000000   0.36289200000000
   0.51901900000000  -0.03591920000000  -0.85400700000000
  -0.53597700000000  -0.35256100000000   0.76709200000000
   0.66387600000000   0.53928500000000  -0.51811200000000
   0.19334700000000  -0.96230100000000  -0.19129400000000
   0.89136700000000  -0.45216000000000  -0.03186540000000
  -0.37935400000000   0.60880800000000   0.69673700000000
   0.27723400000000   0.10874300000000   0.95462900000000
  -0.71785100000000   0.04936730000000  -0.69444400000000
   0.27285200000000  -0.07620480000000   0.95903300000000
  -0.27195400000000  -0.75898800000000  -0.59159000000000
  -0.74869700000000   0.59184700000000   0.29861300000000
  -0.38943800000000  -0.92063700000000   0.02767820000000
  -0.03638830000000  -0.57647400000000   0.81630500000000
  -0.21211000000000  -0.51072800000000   0.83316600000000
   0.06804610000000   0.40703900000000  -0.91087300000000
   0.61776800000000   0.76448200000000  -0.18419900000000
   0.75258000000000   0.63256800000000  -0.18297900000000
  -0.30445700000000   0.94319000000000  -0.13303900000000
  -0.22838700000000   0.03572980000000   0.97291500000000
   0.79284800000000  -0.44740300000000  -0.41379100000000
  -0.88862200000000   0.30800300000000   0.33983100000000
  -0.43505500000000  -0.17098400000000  -0.88402000000000
  -0.36230900000000  -0.88349200000000  -0.29694200000000
   0.52250400000000   0.17360900000000  -0.83477500000000
   0.57423200000000   0.04531550000000   0.81743700000000
   0.42911600000000   0.66921400000000   0.60664000000000
   0.12179700000000   0.55727800000000   0.82134400000000
   0.18143600000000  -0.87733100000000   0.44426400000000
  -0.60764500000000   0.70867100000000   0.35854200000000
   0.52759500000000   0.79319900000000   0.30410300000000
   0.58211500000000  -0.31293900000000   0.75047400000000
   0.68312900000000  -0.43360100000000  -0.58764400000000
   0.33300200000000   0.87940400000000  -0.34023300000000
   0.79616100000000  -0.53611200000000   0.28055600000000
  -0.66811600000000  -0.23354500000000   0.70645500000000
  -0.12095100000000   0.98339300000000  -0.13531100000000
   0.79794500000000  -0.59277800000000  -0.10908200000000
   0.44293600000000  -0.89621100000000   0.02478300000000
  -0.28530900000000  -0.46491200000000  -0.83812600000000
   0.38320800000000  -0.91264500000000  -0.14223500000000
  -0.37776300000000   0.12766700000000   0.91705800000000
  -0.95470600000000   0.29428100000000  -0.04399130000000
   0.22466900000000  -0.40672700000000  -0.88549300000000
  -0.38611800000000   0.84110200000000  -0.37876300000000
  -0.47228200000000  -0.87030000000000  -0.13974200000000
  -0.32356900000000   0.78337200000000  -0.53068900000000
   0.91928700000000   0.39353900000000  -0.00623431000000
  -0.53793300000000   0.21581700000000   0.81489300000000
  -0.93209900000000  -0.32272800000000   0.16443400000000
  -0.03756780000000   0.75108900000000   0.65913100000000
  -0.97979700000000  -0.19560500000000   0.04167870000000
  -0.57173600000000  -0.55967100000000  -0.59990600000000
  -0.87423900000000  -0.46162000000000  -0.15037800000000
  -0.10158600000000  -0.82483900000000  -0.55616600000000
   0.38639700000000  -0.30407000000000  -0.87076900000000
   0.01093710000000   0.88858300000000  -0.45858600000000
  -0.09148290000000   0.84622600000000   0.52491200000000
  -0.38947800000000  -0.44421400000000   0.80683300000000
  -0.05350340000000   0.47864700000000   0.87637600000000
  -0.70580200000000   0.67893200000000  -0.20222700000000
  -0.10358300000000   0.13725700000000  -0.98510500000000
  -0.82572500000000   0.11364500000000  -0.55250600000000
   0.19975900000000   0.86140500000000  -0.46698700000000
   0.11330000000000   0.22231900000000   0.96836800000000
  -0.66504000000000  -0.66369200000000   0.34239600000000
   0.86294000000000   0.03437220000000  -0.50413500000000
   0.63988200000000   0.06284560000000  -0.76589900000000
  -0.85837700000000   0.45958300000000   0.22797400000000
   0.23510200000000   0.86920800000000   0.43497600000000
   0.43735100000000  -0.64949500000000   0.62199700000000
  -0.22232900000000   0.22925900000000   0.94763400000000
   0.15776500000000   0.67155200000000  -0.72396700000000
   0.78896600000000   0.22626500000000  -0.57125800000000
  -0.76665600000000  -0.62566100000000  -0.14417800000000
  -0.69999100000000  -0.43170200000000  -0.56890000000000
   0.74133100000000   0.26995600000000   0.61445300000000
   0.86049400000000  -0.37131500000000   0.34882100000000
  -0.05461830000000   0.99793100000000   0.03391230000000
   0.67548600000000  -0.41043400000000   0.61258700000000
   0.04254370000000  -0.70166500000000   0.71123500000000
   0.38657600000000   0.26801000000000  -0.88245700000000
  -0.56776900000000   0.76437700000000  -0.30555800000000
  -0.66946100000000   0.11128200000000   0.73446400000000
  -0.10687700000000  -0.98901400000000  -0.10212000000000
   0.95196600000000   0.17509200000000  -0.25120600000000
   0.05491230000000  -0.31383600000000  -0.94788800000000
  -0.81401000000000   0.57409800000000  -0.08831630000000
  -0.10678600000000  -0.04243630000000  -0.99337600000000
  -0.36857700000000   0.73121900000000   0.57399500000000
  -0.23459600000000  -0.34192500000000   0.90997400000000
  -0.87172100000000  -0.35843700000000   0.33410400000000
   0.38408300000000   0.07103040000000  -0.92056200000000
   0.89870500000000  -0.18196900000000   0.39901900000000
  -0.79925400000000  -0.51997500000000  -0.30136100000000
   0.59051800000000   0.39210900000000   0.70536400000000
   0.69543000000000   0.56428500000000   0.44492700000000
   0.05124350000000  -0.95243000000000   0.30041700000000
   0.29286400000000   0.61734200000000   0.73015000000000
  -0.44630800000000   0.79356700000000   0.41359500000000
  -0.62911100000000  -0.76442400000000  -0.14097900000000
  -0.39177000000000  -0.78510200000000   0.47972100000000
  -0.98573800000000  -0.01994450000000   0.16710400000000
   0.66905300000000  -0.63440200000000   0.38717100000000
  -0.01553750000000   0.97268700000000   0.23160000000000
   0.09731190000000  -0.47131900000000   0.87657800000000
   0.85408800000000   0.48537400000000  -0.18694000000000
   0.55676100000000   0.83031900000000  -0.02423190000000
  -0.33403500000000  -0.59758000000000   0.72891600000000
  -0.22234300000000   0.56931000000000   0.79148600000000
  -0.93971800000000   0.25012800000000  -0.23316700000000
   0.88449400000000   0.20022900000000  -0.42140100000000
   0.40563100000000   0.79135100000000   0.45741400000000
  -0.07967080000000  -0.79521000000000   0.60107700000000
   0.06664150000000   0.23473200000000  -0.96977300000000
  -0.98612800000000   0.11893500000000  -0.11578500000000
   0.71630100000000  -0.22966300000000   0.65891400000000
   0.67286700000000  -0.71667400000000  -0.18337900000000
  -0.52826800000000   0.66287400000000   0.53059500000000
   0.59139200000000  -0.13461300000000   0.79506900000000
   0.32693700000000  -0.89152700000000  -0.31351500000000
   0.23215800000000   0.15748400000000  -0.95984400000000
  -0.11030200000000   0.30796200000000  -0.94498300000000
   0.51417800000000   0.78748600000000  -0.33983400000000
  -0.93403200000000  -0.16040600000000  -0.31914500000000
   0.89145800000000  -0.42223100000000   0.16439200000000
  -0.70816500000000   0.70600600000000  -0.00763167000000
   0.17595500000000   0.94530800000000   0.27464900000000
   0.25463300000000  -0.70010800000000   0.66709100000000
  -0.24116400000000   0.92548300000000  -0.29209700000000
   0.70603200000000   0.70792600000000  -0.01896460000000
   0.88715500000000  -0.14778700000000  -0.43716700000000
  -0.44691000000000   0.86823400000000  -0.21550000000000
  -0.11881100000000  -0.39654000000000  -0.91029700000000
  -0.80096500000000   0.29772000000000   0.51944000000000
  -0.06169460000000  -0.98879100000000   0.13596300000000
   0.24198600000000  -0.96991600000000  -0.02655050000000
  -0.20708800000000  -0.97771100000000   0.03456550000000
  -0.78213500000000  -0.38659800000000   0.48867900000000
   0.26759000000000   0.74936000000000  -0.60568600000000
  -0.05092770000000   0.62576400000000   0.77834800000000
  -0.95900700000000   0.04868160000000  -0.27917100000000
   0.98596300000000  -0.15004100000000  -0.07324110000000
  -0.45409800000000  -0.87073800000000   0.18870800000000
  -0.67048800000000   0.57107200000000   0.47362800000000
   0.77411600000000   0.52233600000000  -0.35764500000000
   0.57698100000000   0.23689400000000   0.78164800000000
   0.44161300000000   0.65773600000000  -0.61021500000000
  -0.55926000000000  -0.69001300000000  -0.45946800000000
   0.29722800000000   0.94548300000000   0.13310300000000
   0.35859600000000  -0.54964200000000   0.75452100000000
   0.06153060000000  -0.13402700000000  -0.98906600000000
   0.74823200000000  -0.48042500000000   0.45753800000000
  -0.51027800000000   0.82473200000000   0.24379100000000
  -0.66613200000000  -0.39746100000000   0.63110400000000
   0.79242100000000  -0.12777800000000  -0.59644100000000
  -0.28180600000000  -0.29130300000000  -0.91418100000000
  -0.98188200000000  -0.09590420000000  -0.16343100000000
  -0.28377600000000   0.25280400000000  -0.92496500000000
  -0.76331200000000  -0.05538230000000   0.64365200000000
  -0.50619400000000   0.72245000000000  -0.47099100000000
  -0.04440520000000  -0.91416200000000  -0.40291000000000
   0.17763400000000  -0.59605300000000   0.78305000000000
   0.21127400000000  -0.71739000000000  -0.66386400000000
   0.26216700000000  -0.83441100000000  -0.48479500000000
  -0.95389100000000  -0.27099000000000  -0.12905800000000
   0.58964800000000  -0.79928000000000   0.11604400000000
   0.52509400000000  -0.48998600000000   0.69583800000000