   1.0000000e+00   0.0000000e+00   6.1232340e-17
  -1.0000000e+00   1.2246468e-16   6.1232340e-17
   6.1232340e-17   1.0000000e+00   6.1232340e-17
   6.1232340e-17  -1.0000000e+00   6.1232340e-17
   0.0000000e+00   0.0000000e+00   1.0000000e+00
   1.2246468e-16   0.0000000e+00  -1.0000000e+00
   7.0710678e-01   0.0000000e+00   7.0710678e-01
   4.3297803e-17   7.0710678e-01   7.0710678e-01
   7.0710678e-01   7.0710678e-01   6.1232340e-17
  -7.0710678e-01   8.6595606e-17   7.0710678e-01
  -7.0710678e-01   7.0710678e-01   6.1232340e-17
   4.3297803e-17  -7.0710678e-01   7.0710678e-01
  -7.0710678e-01  -7.0710678e-01   6.1232340e-17
   7.0710678e-01  -7.0710678e-01   6.1232340e-17
   4.3297803e-17   7.0710678e-01  -7.0710678e-01
   7.0710678e-01   0.0000000e+00  -7.0710678e-01
  -7.0710678e-01   8.6595606e-17  -7.0710678e-01
   4.3297803e-17  -7.0710678e-01  -7.0710678e-01
   9.2387953e-01   0.0000000e+00   3.8268343e-01
   8.1649658e-01   4.0824829e-01   4.0824829e-01
   9.2387953e-01   3.8268343e-01   6.1232340e-17
   3.8268343e-01   0.0000000e+00   9.2387953e-01
   2.3432602e-17   3.8268343e-01   9.2387953e-01
   4.0824829e-01   4.0824829e-01   8.1649658e-01
   4.0824829e-01   8.1649658e-01   4.0824829e-01
   5.6571306e-17   9.2387953e-01   3.8268343e-01
   3.8268343e-01   9.2387953e-01   6.1232340e-17
  -4.0824829e-01   8.1649658e-01   4.0824829e-01
  -3.8268343e-01   9.2387953e-01   6.1232340e-17
  -3.8268343e-01   4.6865204e-17   9.2387953e-01
  -4.0824829e-01   4.0824829e-01   8.1649658e-01
  -8.1649658e-01   4.0824829e-01   4.0824829e-01
  -9.2387953e-01   1.1314261e-16   3.8268343e-01
  -9.2387953e-01   3.8268343e-01   6.1232340e-17
  -8.1649658e-01  -4.0824829e-01   4.0824829e-01
  -9.2387953e-01  -3.8268343e-01   6.1232340e-17
   2.3432602e-17  -3.8268343e-01   9.2387953e-01
  -4.0824829e-01  -4.0824829e-01   8.1649658e-01
  -4.0824829e-01  -8.1649658e-01   4.0824829e-01
   5.6571306e-17  -9.2387953e-01   3.8268343e-01
  -3.8268343e-01  -9.2387953e-01   6.1232340e-17
   4.0824829e-01  -8.1649658e-01   4.0824829e-01
   3.8268343e-01  -9.2387953e-01   6.1232340e-17
   4.0824829e-01  -4.0824829e-01   8.1649658e-01
   8.1649658e-01  -4.0824829e-01   4.0824829e-01
   9.2387953e-01  -3.8268343e-01   6.1232340e-17
   8.1649658e-01   4.0824829e-01  -4.0824829e-01
   9.2387953e-01   0.0000000e+00  -3.8268343e-01
   5.6571306e-17   9.2387953e-01  -3.8268343e-01
   4.0824829e-01   8.1649658e-01  -4.0824829e-01
   4.0824829e-01   4.0824829e-01  -8.1649658e-01
   1.0840539e-16   3.8268343e-01  -9.2387953e-01
   3.8268343e-01   0.0000000e+00  -9.2387953e-01
  -4.0824829e-01   8.1649658e-01  -4.0824829e-01
  -9.2387953e-01   1.1314261e-16  -3.8268343e-01
  -8.1649658e-01   4.0824829e-01  -4.0824829e-01
  -4.0824829e-01   4.0824829e-01  -8.1649658e-01
  -3.8268343e-01   4.6865204e-17  -9.2387953e-01
  -8.1649658e-01  -4.0824829e-01  -4.0824829e-01
   5.6571306e-17  -9.2387953e-01  -3.8268343e-01
  -4.0824829e-01  -8.1649658e-01  -4.0824829e-01
  -4.0824829e-01  -4.0824829e-01  -8.1649658e-01
   1.0840539e-16  -3.8268343e-01  -9.2387953e-01
   4.0824829e-01  -8.1649658e-01  -4.0824829e-01
   8.1649658e-01  -4.0824829e-01  -4.0824829e-01
   4.0824829e-01  -4.0824829e-01  -8.1649658e-01
   9.8078528e-01   0.0000000e+00   1.9509032e-01
   9.5968298e-01   1.9875685e-01   1.9875685e-01
   9.8078528e-01   1.9509032e-01   6.1232340e-17
   8.3146961e-01   0.0000000e+00   5.5557023e-01
   7.8867513e-01   2.1132487e-01   5.7735027e-01
   8.9032003e-01   2.0884660e-01   4.0461504e-01
   8.9032003e-01   4.0461504e-01   2.0884660e-01
   7.8867513e-01   5.7735027e-01   2.1132487e-01
   8.3146961e-01   5.5557023e-01   6.1232340e-17
   5.5557023e-01   0.0000000e+00   8.3146961e-01
   4.0461504e-01   2.0884660e-01   8.9032003e-01
   5.7735027e-01   2.1132487e-01   7.8867513e-01
   1.9509032e-01   0.0000000e+00   9.8078528e-01
   1.1945837e-17   1.9509032e-01   9.8078528e-01
   1.9875685e-01   1.9875685e-01   9.5968298e-01
   2.0884660e-01   4.0461504e-01   8.9032003e-01
   3.4018865e-17   5.5557023e-01   8.3146961e-01
   2.1132487e-01   5.7735027e-01   7.8867513e-01
   5.7735027e-01   7.8867513e-01   2.1132487e-01
   4.0461504e-01   8.9032003e-01   2.0884660e-01
   5.5557023e-01   8.3146961e-01   6.1232340e-17
   2.1132487e-01   7.8867513e-01   5.7735027e-01
   5.0912830e-17   8.3146961e-01   5.5557023e-01
   2.0884660e-01   8.9032003e-01   4.0461504e-01
   1.9875685e-01   9.5968298e-01   1.9875685e-01
   6.0055778e-17   9.8078528e-01   1.9509032e-01
   1.9509032e-01   9.8078528e-01   6.1232340e-17
   6.3960215e-01   4.2640143e-01   6.3960215e-01
   4.2640143e-01   6.3960215e-01   6.3960215e-01
   6.3960215e-01   6.3960215e-01   4.2640143e-01
  -1.9875685e-01   9.5968298e-01   1.9875685e-01
  -1.9509032e-01   9.8078528e-01   6.1232340e-17
  -2.1132487e-01   7.8867513e-01   5.7735027e-01
  -2.0884660e-01   8.9032003e-01   4.0461504e-01
  -4.0461504e-01   8.9032003e-01   2.0884660e-01
  -5.7735027e-01   7.8867513e-01   2.1132487e-01
  -5.5557023e-01   8.3146961e-01   6.1232340e-17
  -2.0884660e-01   4.0461504e-01   8.9032003e-01
  -2.1132487e-01   5.7735027e-01   7.8867513e-01
  -1.9509032e-01   2.3891674e-17   9.8078528e-01
  -1.9875685e-01   1.9875685e-01   9.5968298e-01
  -4.0461504e-01   2.0884660e-01   8.9032003e-01
  -5.5557023e-01   6.8037731e-17   8.3146961e-01
  -5.7735027e-01   2.1132487e-01   7.8867513e-01
  -7.8867513e-01   5.7735027e-01   2.1132487e-01
  -8.9032003e-01   4.0461504e-01   2.0884660e-01
  -8.3146961e-01   5.5557023e-01   6.1232340e-17
  -7.8867513e-01   2.1132487e-01   5.7735027e-01
  -8.3146961e-01   1.0182566e-16   5.5557023e-01
  -8.9032003e-01   2.0884660e-01   4.0461504e-01
  -9.5968298e-01   1.9875685e-01   1.9875685e-01
  -9.8078528e-01   1.2011156e-16   1.9509032e-01
  -9.8078528e-01   1.9509032e-01   6.1232340e-17
  -4.2640143e-01   6.3960215e-01   6.3960215e-01
  -6.3960215e-01   4.2640143e-01   6.3960215e-01
  -6.3960215e-01   6.3960215e-01   4.2640143e-01
  -9.5968298e-01  -1.9875685e-01   1.9875685e-01
  -9.8078528e-01  -1.9509032e-01   6.1232340e-17
  -7.8867513e-01  -2.1132487e-01   5.7735027e-01
  -8.9032003e-01  -2.0884660e-01   4.0461504e-01
  -8.9032003e-01  -4.0461504e-01   2.0884660e-01
  -7.8867513e-01  -5.7735027e-01   2.1132487e-01
  -8.3146961e-01  -5.5557023e-01   6.1232340e-17
  -4.0461504e-01  -2.0884660e-01   8.9032003e-01
  -5.7735027e-01  -2.1132487e-01   7.8867513e-01
   1.1945837e-17  -1.9509032e-01   9.8078528e-01
  -1.9875685e-01  -1.9875685e-01   9.5968298e-01
  -2.0884660e-01  -4.0461504e-01   8.9032003e-01
   3.4018865e-17  -5.5557023e-01   8.3146961e-01
  -2.1132487e-01  -5.7735027e-01   7.8867513e-01
  -5.7735027e-01  -7.8867513e-01   2.1132487e-01
  -4.0461504e-01  -8.9032003e-01   2.0884660e-01
  -5.5557023e-01  -8.3146961e-01   6.1232340e-17
  -2.1132487e-01  -7.8867513e-01   5.7735027e-01
   5.0912830e-17  -8.3146961e-01   5.5557023e-01
  -2.0884660e-01  -8.9032003e-01   4.0461504e-01
  -1.9875685e-01  -9.5968298e-01   1.9875685e-01
   6.0055778e-17  -9.8078528e-01   1.9509032e-01
  -1.9509032e-01  -9.8078528e-01   6.1232340e-17
  -6.3960215e-01  -4.2640143e-01   6.3960215e-01
  -4.2640143e-01  -6.3960215e-01   6.3960215e-01
  -6.3960215e-01  -6.3960215e-01   4.2640143e-01
   1.9875685e-01  -9.5968298e-01   1.9875685e-01
   1.9509032e-01  -9.8078528e-01   6.1232340e-17
   2.1132487e-01  -7.8867513e-01   5.7735027e-01
   2.0884660e-01  -8.9032003e-01   4.0461504e-01
   4.0461504e-01  -8.9032003e-01   2.0884660e-01
   5.7735027e-01  -7.8867513e-01   2.1132487e-01
   5.5557023e-01  -8.3146961e-01   6.1232340e-17
   2.0884660e-01  -4.0461504e-01   8.9032003e-01
   2.1132487e-01  -5.7735027e-01   7.8867513e-01
   1.9875685e-01  -1.9875685e-01   9.5968298e-01
   4.0461504e-01  -2.0884660e-01   8.9032003e-01
   5.7735027e-01  -2.1132487e-01   7.8867513e-01
   7.8867513e-01  -5.7735027e-01   2.1132487e-01
   8.9032003e-01  -4.0461504e-01   2.0884660e-01
   8.3146961e-01  -5.5557023e-01   6.1232340e-17
   7.8867513e-01  -2.1132487e-01   5.7735027e-01
   8.9032003e-01  -2.0884660e-01   4.0461504e-01
   9.5968298e-01  -1.9875685e-01   1.9875685e-01
   9.8078528e-01  -1.9509032e-01   6.1232340e-17
   4.2640143e-01  -6.3960215e-01   6.3960215e-01
   6.3960215e-01  -4.2640143e-01   6.3960215e-01
   6.3960215e-01  -6.3960215e-01   4.2640143e-01
   9.5968298e-01   1.9875685e-01  -1.9875685e-01
   9.8078528e-01   0.0000000e+00  -1.9509032e-01
   7.8867513e-01   5.7735027e-01  -2.1132487e-01
   8.9032003e-01   4.0461504e-01  -2.0884660e-01
   8.9032003e-01   2.0884660e-01  -4.0461504e-01
   7.8867513e-01   2.1132487e-01  -5.7735027e-01
   8.3146961e-01   0.0000000e+00  -5.5557023e-01
   4.0461504e-01   8.9032003e-01  -2.0884660e-01
   5.7735027e-01   7.8867513e-01  -2.1132487e-01
   6.0055778e-17   9.8078528e-01  -1.9509032e-01
   1.9875685e-01   9.5968298e-01  -1.9875685e-01
   2.0884660e-01   8.9032003e-01  -4.0461504e-01
   5.0912830e-17   8.3146961e-01  -5.5557023e-01
   2.1132487e-01   7.8867513e-01  -5.7735027e-01
   5.7735027e-01   2.1132487e-01  -7.8867513e-01
   4.0461504e-01   2.0884660e-01  -8.9032003e-01
   5.5557023e-01   0.0000000e+00  -8.3146961e-01
   2.1132487e-01   5.7735027e-01  -7.8867513e-01
   3.4018865e-17   5.5557023e-01  -8.3146961e-01
   2.0884660e-01   4.0461504e-01  -8.9032003e-01
   1.9875685e-01   1.9875685e-01  -9.5968298e-01
   9.8583344e-17   1.9509032e-01  -9.8078528e-01
   1.9509032e-01   0.0000000e+00  -9.8078528e-01
   6.3960215e-01   6.3960215e-01  -4.2640143e-01
   4.2640143e-01   6.3960215e-01  -6.3960215e-01
   6.3960215e-01   4.2640143e-01  -6.3960215e-01
  -1.9875685e-01   9.5968298e-01  -1.9875685e-01
  -5.7735027e-01   7.8867513e-01  -2.1132487e-01
  -4.0461504e-01   8.9032003e-01  -2.0884660e-01
  -2.0884660e-01   8.9032003e-01  -4.0461504e-01
  -2.1132487e-01   7.8867513e-01  -5.7735027e-01
  -8.9032003e-01   4.0461504e-01  -2.0884660e-01
  -7.8867513e-01   5.7735027e-01  -2.1132487e-01
  -9.8078528e-01   1.2011156e-16  -1.9509032e-01
  -9.5968298e-01   1.9875685e-01  -1.9875685e-01
  -8.9032003e-01   2.0884660e-01  -4.0461504e-01
  -8.3146961e-01   1.0182566e-16  -5.5557023e-01
  -7.8867513e-01   2.1132487e-01  -5.7735027e-01
  -2.1132487e-01   5.7735027e-01  -7.8867513e-01
  -2.0884660e-01   4.0461504e-01  -8.9032003e-01
  -5.7735027e-01   2.1132487e-01  -7.8867513e-01
  -5.5557023e-01   6.8037731e-17  -8.3146961e-01
  -4.0461504e-01   2.0884660e-01  -8.9032003e-01
  -1.9875685e-01   1.9875685e-01  -9.5968298e-01
  -1.9509032e-01   2.3891674e-17  -9.8078528e-01
  -6.3960215e-01   6.3960215e-01  -4.2640143e-01
  -6.3960215e-01   4.2640143e-01  -6.3960215e-01
  -4.2640143e-01   6.3960215e-01  -6.3960215e-01
  -9.5968298e-01  -1.9875685e-01  -1.9875685e-01
  -7.8867513e-01  -5.7735027e-01  -2.1132487e-01
  -8.9032003e-01  -4.0461504e-01  -2.0884660e-01
  -8.9032003e-01  -2.0884660e-01  -4.0461504e-01
  -7.8867513e-01  -2.1132487e-01  -5.7735027e-01
  -4.0461504e-01  -8.9032003e-01  -2.0884660e-01
  -5.7735027e-01  -7.8867513e-01  -2.1132487e-01
   6.0055778e-17  -9.8078528e-01  -1.9509032e-01
  -1.9875685e-01  -9.5968298e-01  -1.9875685e-01
  -2.0884660e-01  -8.9032003e-01  -4.0461504e-01
   5.0912830e-17  -8.3146961e-01  -5.5557023e-01
  -2.1132487e-01  -7.8867513e-01  -5.7735027e-01
  -5.7735027e-01  -2.1132487e-01  -7.8867513e-01
  -4.0461504e-01  -2.0884660e-01  -8.9032003e-01
  -2.1132487e-01  -5.7735027e-01  -7.8867513e-01
   3.4018865e-17  -5.5557023e-01  -8.3146961e-01
  -2.0884660e-01  -4.0461504e-01  -8.9032003e-01
  -1.9875685e-01  -1.9875685e-01  -9.5968298e-01
   9.8583344e-17  -1.9509032e-01  -9.8078528e-01
  -6.3960215e-01  -6.3960215e-01  -4.2640143e-01
  -4.2640143e-01  -6.3960215e-01  -6.3960215e-01
  -6.3960215e-01  -4.2640143e-01  -6.3960215e-01
   1.9875685e-01  -9.5968298e-01  -1.9875685e-01
   5.7735027e-01  -7.8867513e-01  -2.1132487e-01
   4.0461504e-01  -8.9032003e-01  -2.0884660e-01
   2.0884660e-01  -8.9032003e-01  -4.0461504e-01
   2.1132487e-01  -7.8867513e-01  -5.7735027e-01
   8.9032003e-01  -4.0461504e-01  -2.0884660e-01
   7.8867513e-01  -5.7735027e-01  -2.1132487e-01
   9.5968298e-01  -1.9875685e-01  -1.9875685e-01
   8.9032003e-01  -2.0884660e-01  -4.0461504e-01
   7.8867513e-01  -2.1132487e-01  -5.7735027e-01
   2.1132487e-01  -5.7735027e-01  -7.8867513e-01
   2.0884660e-01  -4.0461504e-01  -8.9032003e-01
   5.7735027e-01  -2.1132487e-01  -7.8867513e-01
   4.0461504e-01  -2.0884660e-01  -8.9032003e-01
   1.9875685e-01  -1.9875685e-01  -9.5968298e-01
   6.3960215e-01  -6.3960215e-01  -4.2640143e-01
   6.3960215e-01  -4.2640143e-01  -6.3960215e-01
   4.2640143e-01  -6.3960215e-01  -6.3960215e-01
