   0.0000000e+00   0.0000000e+00   1.0000000e+00
   0.0000000e+00   1.0000000e+00   0.0000000e+00
   2.1000000e-02  -9.3600000e-01   3.5000000e-01
   2.1000000e-02   9.3600000e-01   3.5000000e-01
   2.2000000e-02  -6.3000000e-01   7.7600000e-01
   2.2000000e-02   6.3000000e-01   7.7600000e-01
   3.5000000e-02  -4.5600000e-01  -8.8900000e-01
   3.5000000e-02   4.5600000e-01  -8.8900000e-01
   5.0000000e-02  -1.5400000e-01   9.8700000e-01
   5.0000000e-02   1.5400000e-01   9.8700000e-01
   6.6000000e-02  -8.5500000e-01  -5.1500000e-01
   6.6000000e-02   8.5500000e-01  -5.1500000e-01
   7.5000000e-02  -7.7000000e-01   6.3400000e-01
   7.5000000e-02   7.7000000e-01   6.3400000e-01
   8.8000000e-02  -2.7000000e-01  -9.5900000e-01
   8.8000000e-02   2.7000000e-01  -9.5900000e-01
   9.2000000e-02  -9.7900000e-01  -1.8300000e-01
   9.2000000e-02   9.7900000e-01  -1.8300000e-01
   1.0600000e-01  -9.7900000e-01   1.7200000e-01
   1.0600000e-01  -3.2600000e-01   9.3900000e-01
   1.0600000e-01   3.2600000e-01   9.3900000e-01
   1.0600000e-01   9.7900000e-01   1.7200000e-01
   1.1900000e-01  -8.6600000e-01   4.8600000e-01
   1.1900000e-01   8.6600000e-01   4.8600000e-01
   1.2700000e-01  -7.3800000e-01  -6.6300000e-01
   1.2700000e-01   7.3800000e-01  -6.6300000e-01
   1.3100000e-01  -9.5000000e-02  -9.8700000e-01
   1.3100000e-01   9.5000000e-02  -9.8700000e-01
   1.6200000e-01  -5.0000000e-01   8.5100000e-01
   1.6200000e-01   0.0000000e+00   9.8700000e-01
   1.6200000e-01   5.0000000e-01   8.5100000e-01
   1.8300000e-01  -9.1200000e-01  -3.6600000e-01
   1.8300000e-01   9.1200000e-01  -3.6600000e-01
   1.8800000e-01  -5.7700000e-01  -7.9500000e-01
   1.8800000e-01   5.7700000e-01  -7.9500000e-01
   2.0000000e-01  -9.2500000e-01   3.2400000e-01
   2.0000000e-01   9.2500000e-01   3.2400000e-01
   2.0500000e-01  -9.7900000e-01   0.0000000e+00
   2.0500000e-01   9.7900000e-01   0.0000000e+00
   2.1200000e-01  -6.5300000e-01   7.2700000e-01
   2.1200000e-01   6.5300000e-01   7.2700000e-01
   2.2900000e-01  -1.6700000e-01   9.5900000e-01
   2.2900000e-01   1.6700000e-01   9.5900000e-01
   2.4000000e-01  -3.9000000e-01  -8.8900000e-01
   2.4000000e-01   3.9000000e-01  -8.8900000e-01
   2.5000000e-01  -7.7000000e-01   5.8600000e-01
   2.5000000e-01   7.7000000e-01   5.8600000e-01
   2.6300000e-01  -8.0900000e-01  -5.2600000e-01
   2.6300000e-01   8.0900000e-01  -5.2600000e-01
   2.7600000e-01  -8.5100000e-01   4.4700000e-01
   2.7600000e-01   8.5100000e-01   4.4700000e-01
   2.7800000e-01  -2.0200000e-01  -9.3900000e-01
   2.7800000e-01   2.0200000e-01  -9.3900000e-01
   2.8400000e-01   0.0000000e+00  -9.5900000e-01
   2.9600000e-01  -3.4800000e-01   8.8900000e-01
   2.9600000e-01   3.4800000e-01   8.8900000e-01
   3.0400000e-01  -9.3600000e-01   1.7500000e-01
   3.0400000e-01  -9.3400000e-01  -1.8800000e-01
   3.0400000e-01   9.3400000e-01  -1.8800000e-01
   3.0400000e-01   9.3600000e-01   1.7500000e-01
   3.3100000e-01  -6.7100000e-01  -6.6300000e-01
   3.3100000e-01   6.7100000e-01  -6.6300000e-01
   3.4300000e-01   0.0000000e+00   9.3900000e-01
   3.5300000e-01  -5.2300000e-01   7.7600000e-01
   3.5300000e-01   5.2300000e-01   7.7600000e-01
   3.8100000e-01  -8.6600000e-01   3.2400000e-01
   3.8100000e-01   8.6600000e-01   3.2400000e-01
   3.8800000e-01  -8.4600000e-01  -3.6600000e-01
   3.8800000e-01  -4.9700000e-01  -7.7600000e-01
   3.8800000e-01   4.9700000e-01  -7.7600000e-01
   3.8800000e-01   8.4600000e-01  -3.6600000e-01
   3.9200000e-01  -6.6700000e-01   6.3400000e-01
   3.9200000e-01   6.6700000e-01   6.3400000e-01
   4.1000000e-01  -9.1200000e-01   0.0000000e+00
   4.1000000e-01   9.1200000e-01   0.0000000e+00
   4.1200000e-01  -7.7000000e-01   4.8600000e-01
   4.1200000e-01   7.7000000e-01   4.8600000e-01
   4.2300000e-01  -1.7400000e-01   8.8900000e-01
   4.2300000e-01   1.7400000e-01   8.8900000e-01
   4.2500000e-01  -3.0900000e-01  -8.5100000e-01
   4.2500000e-01   3.0900000e-01  -8.5100000e-01
   4.4500000e-01  -1.0800000e-01  -8.8900000e-01
   4.4500000e-01   1.0800000e-01  -8.8900000e-01
   4.4900000e-01  -7.3000000e-01  -5.1500000e-01
   4.4900000e-01   7.3000000e-01  -5.1500000e-01
   4.9000000e-01  -8.5500000e-01   1.7200000e-01
   4.9000000e-01   8.5500000e-01   1.7200000e-01
   4.9100000e-01  -3.5700000e-01   7.9500000e-01
   4.9100000e-01   3.5700000e-01   7.9500000e-01
   5.0100000e-01  -8.4600000e-01  -1.8300000e-01
   5.0100000e-01   8.4600000e-01  -1.8300000e-01
   5.1300000e-01  -5.7900000e-01  -6.3400000e-01
   5.1300000e-01   5.7900000e-01  -6.3400000e-01
   5.2600000e-01   0.0000000e+00   8.5100000e-01
   5.3400000e-01  -7.7000000e-01   3.5000000e-01
   5.3400000e-01   7.7000000e-01   3.5000000e-01
   5.3600000e-01  -5.2300000e-01   6.6300000e-01
   5.3600000e-01   5.2300000e-01   6.6300000e-01
   5.5500000e-01  -6.5300000e-01   5.1500000e-01
   5.5500000e-01  -4.0400000e-01  -7.2700000e-01
   5.5500000e-01   4.0400000e-01  -7.2700000e-01
   5.5500000e-01   6.5300000e-01   5.1500000e-01
   5.6700000e-01  -7.4500000e-01  -3.5000000e-01
   5.6700000e-01   7.4500000e-01  -3.5000000e-01
   5.8800000e-01  -8.0900000e-01   0.0000000e+00
   5.8800000e-01   8.0900000e-01   0.0000000e+00
   5.9300000e-01  -2.1500000e-01  -7.7600000e-01
   5.9300000e-01   2.1500000e-01  -7.7600000e-01
   6.0500000e-01  -6.3000000e-01  -4.8600000e-01
   6.0500000e-01   6.3000000e-01  -4.8600000e-01
   6.0600000e-01  -1.7400000e-01   7.7600000e-01
   6.0600000e-01   1.7400000e-01   7.7600000e-01
   6.0700000e-01   0.0000000e+00  -7.9500000e-01
   6.4900000e-01  -7.3800000e-01   1.8300000e-01
   6.4900000e-01   7.3800000e-01   1.8300000e-01
   6.5500000e-01  -4.7600000e-01  -5.8600000e-01
   6.5500000e-01   4.7600000e-01  -5.8600000e-01
   6.6200000e-01  -7.3000000e-01  -1.7200000e-01
   6.6200000e-01   7.3000000e-01  -1.7200000e-01
   6.6300000e-01  -3.4800000e-01   6.6300000e-01
   6.6300000e-01   3.4800000e-01   6.6300000e-01
   6.8400000e-01  -6.3000000e-01   3.6600000e-01
   6.8400000e-01   6.3000000e-01   3.6600000e-01
   6.8700000e-01   0.0000000e+00   7.2700000e-01
   6.8800000e-01  -5.0000000e-01   5.2600000e-01
   6.8800000e-01   5.0000000e-01   5.2600000e-01
   7.0500000e-01  -6.3000000e-01  -3.2400000e-01
   7.0500000e-01   6.3000000e-01  -3.2400000e-01
   7.0900000e-01  -3.0900000e-01  -6.3400000e-01
   7.0900000e-01   3.0900000e-01  -6.3400000e-01
   7.2400000e-01  -5.2600000e-01  -4.4700000e-01
   7.2400000e-01   5.2600000e-01  -4.4700000e-01
   7.4100000e-01  -6.7100000e-01   0.0000000e+00
   7.4100000e-01  -1.0800000e-01  -6.6300000e-01
   7.4100000e-01   1.0800000e-01  -6.6300000e-01
   7.4100000e-01   6.7100000e-01   0.0000000e+00
   7.5500000e-01  -1.6700000e-01   6.3400000e-01
   7.5500000e-01   1.6700000e-01   6.3400000e-01
   7.8700000e-01  -3.8100000e-01  -4.8600000e-01
   7.8700000e-01   3.8100000e-01  -4.8600000e-01
   7.9300000e-01  -3.2600000e-01   5.1500000e-01
   7.9300000e-01   3.2600000e-01   5.1500000e-01
   7.9500000e-01  -5.7700000e-01   1.8800000e-01
   7.9500000e-01   5.7700000e-01   1.8800000e-01
   7.9600000e-01  -5.7900000e-01  -1.7500000e-01
   7.9600000e-01   5.7900000e-01  -1.7500000e-01
   8.1000000e-01   0.0000000e+00   5.8600000e-01
   8.1100000e-01  -4.5600000e-01   3.6600000e-01
   8.1100000e-01   4.5600000e-01   3.6600000e-01
   8.1700000e-01  -4.7600000e-01  -3.2400000e-01
   8.1700000e-01   4.7600000e-01  -3.2400000e-01
   8.3300000e-01  -2.0200000e-01  -5.1500000e-01
   8.3300000e-01   2.0200000e-01  -5.1500000e-01
   8.5100000e-01   0.0000000e+00  -5.2600000e-01
   8.6000000e-01  -1.5400000e-01   4.8600000e-01
   8.6000000e-01   1.5400000e-01   4.8600000e-01
   8.6800000e-01  -4.9700000e-01   0.0000000e+00
   8.6800000e-01   4.9700000e-01   0.0000000e+00
   8.8400000e-01  -3.0900000e-01  -3.5000000e-01
   8.8400000e-01   3.0900000e-01  -3.5000000e-01
   8.9400000e-01   0.0000000e+00   4.4700000e-01
   8.9700000e-01  -2.7000000e-01   3.5000000e-01
   8.9700000e-01   2.7000000e-01   3.5000000e-01
   8.9900000e-01  -4.0400000e-01  -1.7200000e-01
   8.9900000e-01   4.0400000e-01  -1.7200000e-01
   9.0300000e-01  -3.9000000e-01   1.8300000e-01
   9.0300000e-01   3.9000000e-01   1.8300000e-01
   9.2400000e-01  -1.0800000e-01  -3.6600000e-01
   9.2400000e-01   1.0800000e-01  -3.6600000e-01
   9.4100000e-01  -9.5000000e-02   3.2400000e-01
   9.4100000e-01   9.5000000e-02   3.2400000e-01
   9.5100000e-01  -3.0900000e-01   0.0000000e+00
   9.5100000e-01   3.0900000e-01   0.0000000e+00
   9.5900000e-01  -2.1500000e-01  -1.8300000e-01
   9.5900000e-01   2.1500000e-01  -1.8300000e-01
   9.6400000e-01  -2.0200000e-01   1.7200000e-01
   9.6400000e-01   2.0200000e-01   1.7200000e-01
   9.8200000e-01   0.0000000e+00  -1.8800000e-01
   9.8500000e-01   0.0000000e+00   1.7500000e-01
   9.9400000e-01  -1.0800000e-01   0.0000000e+00
   9.9400000e-01   1.0800000e-01   0.0000000e+00
  -0.0000000e+00  -0.0000000e+00  -1.0000000e+00
  -0.0000000e+00  -1.0000000e+00  -0.0000000e+00
  -2.1000000e-02   9.3600000e-01  -3.5000000e-01
  -2.1000000e-02  -9.3600000e-01  -3.5000000e-01
  -2.2000000e-02   6.3000000e-01  -7.7600000e-01
  -2.2000000e-02  -6.3000000e-01  -7.7600000e-01
  -3.5000000e-02   4.5600000e-01   8.8900000e-01
  -3.5000000e-02  -4.5600000e-01   8.8900000e-01
  -5.0000000e-02   1.5400000e-01  -9.8700000e-01
  -5.0000000e-02  -1.5400000e-01  -9.8700000e-01
  -6.6000000e-02   8.5500000e-01   5.1500000e-01
  -6.6000000e-02  -8.5500000e-01   5.1500000e-01
  -7.5000000e-02   7.7000000e-01  -6.3400000e-01
  -7.5000000e-02  -7.7000000e-01  -6.3400000e-01
  -8.8000000e-02   2.7000000e-01   9.5900000e-01
  -8.8000000e-02  -2.7000000e-01   9.5900000e-01
  -9.2000000e-02   9.7900000e-01   1.8300000e-01
  -9.2000000e-02  -9.7900000e-01   1.8300000e-01
  -1.0600000e-01   9.7900000e-01  -1.7200000e-01
  -1.0600000e-01   3.2600000e-01  -9.3900000e-01
  -1.0600000e-01  -3.2600000e-01  -9.3900000e-01
  -1.0600000e-01  -9.7900000e-01  -1.7200000e-01
  -1.1900000e-01   8.6600000e-01  -4.8600000e-01
  -1.1900000e-01  -8.6600000e-01  -4.8600000e-01
  -1.2700000e-01   7.3800000e-01   6.6300000e-01
  -1.2700000e-01  -7.3800000e-01   6.6300000e-01
  -1.3100000e-01   9.5000000e-02   9.8700000e-01
  -1.3100000e-01  -9.5000000e-02   9.8700000e-01
  -1.6200000e-01   5.0000000e-01  -8.5100000e-01
  -1.6200000e-01  -0.0000000e+00  -9.8700000e-01
  -1.6200000e-01  -5.0000000e-01  -8.5100000e-01
  -1.8300000e-01   9.1200000e-01   3.6600000e-01
  -1.8300000e-01  -9.1200000e-01   3.6600000e-01
  -1.8800000e-01   5.7700000e-01   7.9500000e-01
  -1.8800000e-01  -5.7700000e-01   7.9500000e-01
  -2.0000000e-01   9.2500000e-01  -3.2400000e-01
  -2.0000000e-01  -9.2500000e-01  -3.2400000e-01
  -2.0500000e-01   9.7900000e-01  -0.0000000e+00
  -2.0500000e-01  -9.7900000e-01  -0.0000000e+00
  -2.1200000e-01   6.5300000e-01  -7.2700000e-01
  -2.1200000e-01  -6.5300000e-01  -7.2700000e-01
  -2.2900000e-01   1.6700000e-01  -9.5900000e-01
  -2.2900000e-01  -1.6700000e-01  -9.5900000e-01
  -2.4000000e-01   3.9000000e-01   8.8900000e-01
  -2.4000000e-01  -3.9000000e-01   8.8900000e-01
  -2.5000000e-01   7.7000000e-01  -5.8600000e-01
  -2.5000000e-01  -7.7000000e-01  -5.8600000e-01
  -2.6300000e-01   8.0900000e-01   5.2600000e-01
  -2.6300000e-01  -8.0900000e-01   5.2600000e-01
  -2.7600000e-01   8.5100000e-01  -4.4700000e-01
  -2.7600000e-01  -8.5100000e-01  -4.4700000e-01
  -2.7800000e-01   2.0200000e-01   9.3900000e-01
  -2.7800000e-01  -2.0200000e-01   9.3900000e-01
  -2.8400000e-01  -0.0000000e+00   9.5900000e-01
  -2.9600000e-01   3.4800000e-01  -8.8900000e-01
  -2.9600000e-01  -3.4800000e-01  -8.8900000e-01
  -3.0400000e-01   9.3600000e-01  -1.7500000e-01
  -3.0400000e-01   9.3400000e-01   1.8800000e-01
  -3.0400000e-01  -9.3400000e-01   1.8800000e-01
  -3.0400000e-01  -9.3600000e-01  -1.7500000e-01
  -3.3100000e-01   6.7100000e-01   6.6300000e-01
  -3.3100000e-01  -6.7100000e-01   6.6300000e-01
  -3.4300000e-01  -0.0000000e+00  -9.3900000e-01
  -3.5300000e-01   5.2300000e-01  -7.7600000e-01
  -3.5300000e-01  -5.2300000e-01  -7.7600000e-01
  -3.8100000e-01   8.6600000e-01  -3.2400000e-01
  -3.8100000e-01  -8.6600000e-01  -3.2400000e-01
  -3.8800000e-01   8.4600000e-01   3.6600000e-01
  -3.8800000e-01   4.9700000e-01   7.7600000e-01
  -3.8800000e-01  -4.9700000e-01   7.7600000e-01
  -3.8800000e-01  -8.4600000e-01   3.6600000e-01
  -3.9200000e-01   6.6700000e-01  -6.3400000e-01
  -3.9200000e-01  -6.6700000e-01  -6.3400000e-01
  -4.1000000e-01   9.1200000e-01  -0.0000000e+00
  -4.1000000e-01  -9.1200000e-01  -0.0000000e+00
  -4.1200000e-01   7.7000000e-01  -4.8600000e-01
  -4.1200000e-01  -7.7000000e-01  -4.8600000e-01
  -4.2300000e-01   1.7400000e-01  -8.8900000e-01
  -4.2300000e-01  -1.7400000e-01  -8.8900000e-01
  -4.2500000e-01   3.0900000e-01   8.5100000e-01
  -4.2500000e-01  -3.0900000e-01   8.5100000e-01
  -4.4500000e-01   1.0800000e-01   8.8900000e-01
  -4.4500000e-01  -1.0800000e-01   8.8900000e-01
  -4.4900000e-01   7.3000000e-01   5.1500000e-01
  -4.4900000e-01  -7.3000000e-01   5.1500000e-01
  -4.9000000e-01   8.5500000e-01  -1.7200000e-01
  -4.9000000e-01  -8.5500000e-01  -1.7200000e-01
  -4.9100000e-01   3.5700000e-01  -7.9500000e-01
  -4.9100000e-01  -3.5700000e-01  -7.9500000e-01
  -5.0100000e-01   8.4600000e-01   1.8300000e-01
  -5.0100000e-01  -8.4600000e-01   1.8300000e-01
  -5.1300000e-01   5.7900000e-01   6.3400000e-01
  -5.1300000e-01  -5.7900000e-01   6.3400000e-01
  -5.2600000e-01  -0.0000000e+00  -8.5100000e-01
  -5.3400000e-01   7.7000000e-01  -3.5000000e-01
  -5.3400000e-01  -7.7000000e-01  -3.5000000e-01
  -5.3600000e-01   5.2300000e-01  -6.6300000e-01
  -5.3600000e-01  -5.2300000e-01  -6.6300000e-01
  -5.5500000e-01   6.5300000e-01  -5.1500000e-01
  -5.5500000e-01   4.0400000e-01   7.2700000e-01
  -5.5500000e-01  -4.0400000e-01   7.2700000e-01
  -5.5500000e-01  -6.5300000e-01  -5.1500000e-01
  -5.6700000e-01   7.4500000e-01   3.5000000e-01
  -5.6700000e-01  -7.4500000e-01   3.5000000e-01
  -5.8800000e-01   8.0900000e-01  -0.0000000e+00
  -5.8800000e-01  -8.0900000e-01  -0.0000000e+00
  -5.9300000e-01   2.1500000e-01   7.7600000e-01
  -5.9300000e-01  -2.1500000e-01   7.7600000e-01
  -6.0500000e-01   6.3000000e-01   4.8600000e-01
  -6.0500000e-01  -6.3000000e-01   4.8600000e-01
  -6.0600000e-01   1.7400000e-01  -7.7600000e-01
  -6.0600000e-01  -1.7400000e-01  -7.7600000e-01
  -6.0700000e-01  -0.0000000e+00   7.9500000e-01
  -6.4900000e-01   7.3800000e-01  -1.8300000e-01
  -6.4900000e-01  -7.3800000e-01  -1.8300000e-01
  -6.5500000e-01   4.7600000e-01   5.8600000e-01
  -6.5500000e-01  -4.7600000e-01   5.8600000e-01
  -6.6200000e-01   7.3000000e-01   1.7200000e-01
  -6.6200000e-01  -7.3000000e-01   1.7200000e-01
  -6.6300000e-01   3.4800000e-01  -6.6300000e-01
  -6.6300000e-01  -3.4800000e-01  -6.6300000e-01
  -6.8400000e-01   6.3000000e-01  -3.6600000e-01
  -6.8400000e-01  -6.3000000e-01  -3.6600000e-01
  -6.8700000e-01  -0.0000000e+00  -7.2700000e-01
  -6.8800000e-01   5.0000000e-01  -5.2600000e-01
  -6.8800000e-01  -5.0000000e-01  -5.2600000e-01
  -7.0500000e-01   6.3000000e-01   3.2400000e-01
  -7.0500000e-01  -6.3000000e-01   3.2400000e-01
  -7.0900000e-01   3.0900000e-01   6.3400000e-01
  -7.0900000e-01  -3.0900000e-01   6.3400000e-01
  -7.2400000e-01   5.2600000e-01   4.4700000e-01
  -7.2400000e-01  -5.2600000e-01   4.4700000e-01
  -7.4100000e-01   6.7100000e-01  -0.0000000e+00
  -7.4100000e-01   1.0800000e-01   6.6300000e-01
  -7.4100000e-01  -1.0800000e-01   6.6300000e-01
  -7.4100000e-01  -6.7100000e-01  -0.0000000e+00
  -7.5500000e-01   1.6700000e-01  -6.3400000e-01
  -7.5500000e-01  -1.6700000e-01  -6.3400000e-01
  -7.8700000e-01   3.8100000e-01   4.8600000e-01
  -7.8700000e-01  -3.8100000e-01   4.8600000e-01
  -7.9300000e-01   3.2600000e-01  -5.1500000e-01
  -7.9300000e-01  -3.2600000e-01  -5.1500000e-01
  -7.9500000e-01   5.7700000e-01  -1.8800000e-01
  -7.9500000e-01  -5.7700000e-01  -1.8800000e-01
  -7.9600000e-01   5.7900000e-01   1.7500000e-01
  -7.9600000e-01  -5.7900000e-01   1.7500000e-01
  -8.1000000e-01  -0.0000000e+00  -5.8600000e-01
  -8.1100000e-01   4.5600000e-01  -3.6600000e-01
  -8.1100000e-01  -4.5600000e-01  -3.6600000e-01
  -8.1700000e-01   4.7600000e-01   3.2400000e-01
  -8.1700000e-01  -4.7600000e-01   3.2400000e-01
  -8.3300000e-01   2.0200000e-01   5.1500000e-01
  -8.3300000e-01  -2.0200000e-01   5.1500000e-01
  -8.5100000e-01  -0.0000000e+00   5.2600000e-01
  -8.6000000e-01   1.5400000e-01  -4.8600000e-01
  -8.6000000e-01  -1.5400000e-01  -4.8600000e-01
  -8.6800000e-01   4.9700000e-01  -0.0000000e+00
  -8.6800000e-01  -4.9700000e-01  -0.0000000e+00
  -8.8400000e-01   3.0900000e-01   3.5000000e-01
  -8.8400000e-01  -3.0900000e-01   3.5000000e-01
  -8.9400000e-01  -0.0000000e+00  -4.4700000e-01
  -8.9700000e-01   2.7000000e-01  -3.5000000e-01
  -8.9700000e-01  -2.7000000e-01  -3.5000000e-01
  -8.9900000e-01   4.0400000e-01   1.7200000e-01
  -8.9900000e-01  -4.0400000e-01   1.7200000e-01
  -9.0300000e-01   3.9000000e-01  -1.8300000e-01
  -9.0300000e-01  -3.9000000e-01  -1.8300000e-01
  -9.2400000e-01   1.0800000e-01   3.6600000e-01
  -9.2400000e-01  -1.0800000e-01   3.6600000e-01
  -9.4100000e-01   9.5000000e-02  -3.2400000e-01
  -9.4100000e-01  -9.5000000e-02  -3.2400000e-01
  -9.5100000e-01   3.0900000e-01  -0.0000000e+00
  -9.5100000e-01  -3.0900000e-01  -0.0000000e+00
  -9.5900000e-01   2.1500000e-01   1.8300000e-01
  -9.5900000e-01  -2.1500000e-01   1.8300000e-01
  -9.6400000e-01   2.0200000e-01  -1.7200000e-01
  -9.6400000e-01  -2.0200000e-01  -1.7200000e-01
  -9.8200000e-01  -0.0000000e+00   1.8800000e-01
  -9.8500000e-01  -0.0000000e+00  -1.7500000e-01
  -9.9400000e-01   1.0800000e-01  -0.0000000e+00
  -9.9400000e-01  -1.0800000e-01  -0.0000000e+00
