   5.2540681e-02  -9.9861878e-01   0.0000000e+00
  -6.7056486e-02  -9.9585635e-01   6.1429234e-02
   1.0256964e-02  -9.9309392e-01  -1.1687282e-01
   8.4403293e-02  -9.9033149e-01   1.1008915e-01
  -1.5478290e-01  -9.8756906e-01  -2.7378915e-02
   1.4652194e-01  -9.8480663e-01  -9.3205267e-02
  -4.8974606e-02  -9.8204420e-01   1.8218309e-01
  -9.3334775e-02  -9.7928177e-01  -1.7971043e-01
   2.0235777e-01  -9.7651934e-01   7.3900732e-02
  -2.1037237e-01  -9.7375691e-01   8.6838658e-02
   1.0134239e-01  -9.7099448e-01  -2.1656281e-01
   7.4836951e-02  -9.6823204e-01   2.3859199e-01
  -2.2540110e-01  -9.6546961e-01  -1.3062454e-01
   2.6423526e-01  -9.6270718e-01  -5.8091381e-02
  -1.6114514e-01  -9.5994475e-01   2.2921238e-01
  -3.7202015e-02  -9.5718232e-01  -2.8708538e-01
   2.2822265e-01  -9.5441989e-01   1.9234629e-01
  -3.0689903e-01  -9.5165746e-01   1.2691238e-02
   2.2370080e-01  -9.4889503e-01  -2.2261217e-01
  -1.4955839e-02  -9.4613260e-01   3.2343381e-01
  -2.1255011e-01  -9.4337017e-01  -2.5470607e-01
   3.3646345e-01  -9.4060773e-01   4.5270682e-02
  -2.8488182e-01  -9.3784530e-01   1.9821335e-01
   7.7790595e-02  -9.3508287e-01  -3.4578699e-01
   1.7979713e-01  -9.3232044e-01   3.1376996e-01
  -3.5123485e-01  -9.2955801e-01  -1.1205350e-01
   3.4093564e-01  -9.2679558e-01  -1.5752092e-01
  -1.4759592e-01  -9.2403315e-01   3.5267291e-01
  -1.3163151e-01  -9.2127072e-01  -3.6596914e-01
   3.5000543e-01  -9.1850829e-01   1.8395305e-01
  -3.8848798e-01  -9.1574586e-01   1.0240418e-01
   2.2065998e-01  -9.1298343e-01  -3.4317698e-01
   7.0142545e-02  -9.1022099e-01   4.0813939e-01
  -3.3217368e-01  -9.0745856e-01  -2.5725397e-01
   4.2460270e-01  -9.0469613e-01  -3.5177466e-02
  -2.9327706e-01  -9.0193370e-01   3.1702391e-01
   2.1347188e-03  -8.9917127e-01  -4.3759167e-01
   2.9779842e-01  -8.9640884e-01   3.2827929e-01
  -4.4685672e-01  -8.9364641e-01  -4.1414580e-02
   3.6182194e-01  -8.9088398e-01  -2.7460995e-01
  -8.2262404e-02  -8.8812155e-01   4.5218692e-01
  -2.4761248e-01  -8.8535912e-01  -3.9348100e-01
   4.5341174e-01  -8.8259669e-01   1.2426136e-01
  -4.2285067e-01  -8.7983425e-01   2.1699998e-01
   1.6698096e-01  -8.7707182e-01  -4.5040246e-01
   1.8300482e-01  -8.7430939e-01   4.4954680e-01
  -4.4307334e-01  -8.7154696e-01  -2.0998073e-01
   4.7321017e-01  -8.6878453e-01  -1.4589575e-01
  -2.5281407e-01  -8.6602210e-01   4.3138239e-01
  -1.0597558e-01  -8.6325967e-01  -4.9350980e-01
   4.1533177e-01  -8.6049724e-01   2.9503224e-01
  -5.1014584e-01  -8.5773481e-01   6.3578493e-02
   3.3618836e-01  -8.5497238e-01  -3.9496788e-01
   1.9067093e-02  -8.5220994e-01   5.2285242e-01
  -3.7038098e-01  -8.4944751e-01  -3.7584152e-01
   5.3140015e-01  -8.4668508e-01   2.7170847e-02
  -4.1356083e-01  -8.4392265e-01   3.4170455e-01
   7.4725868e-02  -8.4116022e-01  -5.3559829e-01
   3.0911414e-01  -8.3839779e-01   4.4892938e-01
  -5.3529671e-01  -8.3563536e-01  -1.2317052e-01
   4.8154821e-01  -8.3287293e-01  -2.7282597e-01
  -1.7206324e-01  -8.3011050e-01   5.3038741e-01
  -2.3309504e-01  -8.2734807e-01  -5.1104000e-01
   5.2080571e-01  -8.2458564e-01   2.2095236e-01
  -5.3705271e-01  -8.2182320e-01   1.9021305e-01
   2.6938024e-01  -8.1906077e-01  -5.0653108e-01
   1.4450583e-01  -8.1629834e-01   5.5926298e-01
  -4.8758760e-01  -8.1353591e-01  -3.1688744e-01
   5.7737924e-01  -8.1077348e-01  -9.6330571e-02
  -3.6301699e-01  -8.0801105e-01   4.6404397e-01
  -4.6072701e-02  -8.0524862e-01  -5.9114463e-01
   4.3601317e-01  -8.0248619e-01   4.0731859e-01
  -6.0033957e-01  -7.9972376e-01  -5.8574548e-03
   4.4935276e-01  -7.9696133e-01  -4.0365176e-01
  -5.9028280e-02  -7.9419890e-01   6.0478407e-01
  -3.6715868e-01  -7.9143646e-01  -4.8869502e-01
   6.0433962e-01  -7.8867403e-01   1.1299066e-01
  -5.2493983e-01  -7.8591160e-01   3.2677383e-01
   1.6728195e-01  -7.8314917e-01  -5.9891078e-01
   2.8277610e-01  -7.8038674e-01   5.5770441e-01
  -5.8844639e-01  -7.7762431e-01  -2.2143009e-01
   5.8663247e-01  -7.7486188e-01  -2.3548124e-01
  -2.7495781e-01  -7.7209945e-01   5.7294035e-01
  -1.8523920e-01  -7.6933702e-01  -6.1139758e-01
   5.5243211e-01  -7.6657459e-01   3.2738688e-01
  -6.3170637e-01  -7.6381215e-01   1.3243131e-01
   3.7824246e-01  -7.6104972e-01  -5.2700660e-01
   7.7467087e-02  -7.5828729e-01   6.4730150e-01
  -4.9679392e-01  -7.5552486e-01  -4.2705736e-01
   6.5796419e-01  -7.5276243e-01  -2.0780808e-02
  -4.7337629e-01  -7.5000000e-01   4.6196850e-01
   3.7172177e-02  -7.4723757e-01  -6.6351657e-01
   4.2274796e-01  -7.4447514e-01   5.1676003e-01
  -6.6382358e-01  -7.4171271e-01  -9.5919307e-02
   5.5678949e-01  -7.3895028e-01  -3.7939155e-01
  -1.5497486e-01  -7.3618785e-01   6.5879454e-01
  -3.3219817e-01  -7.3342541e-01  -5.9306959e-01
   6.4838436e-01  -7.3066298e-01   2.1384416e-01
  -6.2523292e-01  -7.2790055e-01   2.8150413e-01
   2.7202781e-01  -7.2513812e-01  -6.3259432e-01
   2.2768046e-01  -7.2237569e-01   6.5294331e-01
  -6.1147247e-01  -7.1961326e-01  -3.2902610e-01
   6.7589897e-01  -7.1685083e-01  -1.7112999e-01
  -3.8434337e-01  -7.1408840e-01   5.8511361e-01
  -1.1228410e-01  -7.1132597e-01  -6.9383546e-01
   5.5365887e-01  -7.0856354e-01   4.3749237e-01
  -7.0652836e-01  -7.0580110e-01   5.1599192e-02
   4.8799856e-01  -7.0303867e-01  -5.1729492e-01
  -1.0447064e-02  -7.0027624e-01   7.1379552e-01
  -4.7625268e-01  -6.9751381e-01  -5.3540440e-01
   7.1549904e-01  -6.9475138e-01   7.3359681e-02
  -5.7927341e-01  -6.9198895e-01   4.3080577e-01
   1.3663049e-01  -6.8922652e-01  -7.1154685e-01
   3.8126847e-01  -6.8646409e-01   6.1919416e-01
  -7.0189387e-01  -6.8370166e-01  -1.9974242e-01
   6.5478401e-01  -6.8093923e-01  -3.2799339e-01
  -2.6217387e-01  -6.7817680e-01   6.8654286e-01
  -2.7136874e-01  -6.7541436e-01  -6.8569267e-01
   6.6554473e-01  -6.7265193e-01   3.2340313e-01
  -7.1160545e-01  -6.6988950e-01   2.1181533e-01
   3.8291288e-01  -6.6712707e-01  -6.3899859e-01
   1.4978323e-01  -6.6436464e-01   7.3224628e-01
  -6.0705124e-01  -6.6160221e-01  -4.4019463e-01
   7.4738035e-01  -6.5883978e-01  -8.5748188e-02
  -4.9475310e-01  -6.5607735e-01   5.6989638e-01
  -2.0207792e-02  -6.5331492e-01  -7.5681653e-01
   5.2777330e-01  -6.5055249e-01   5.4611062e-01
  -7.6040927e-01  -6.4779006e-01  -4.6322586e-02
   5.9381122e-01  -6.4502762e-01  -4.8096528e-01
  -1.1331400e-01  -6.4226519e-01   7.5806026e-01
  -4.2979749e-01  -6.3950276e-01  -6.3742477e-01
   7.4971962e-01  -6.3674033e-01   1.8022829e-01
  -6.7655075e-01  -6.3397790e-01   3.7463463e-01
   2.4652258e-01  -6.3121547e-01  -7.3538674e-01
   3.1587818e-01  -6.2845304e-01   7.1082189e-01
  -7.1511063e-01  -6.2569061e-01  -3.1165374e-01
   7.3990753e-01  -6.2292818e-01  -2.5396324e-01
  -3.7508305e-01  -6.2016575e-01   6.8898995e-01
  -1.8935524e-01  -6.1740331e-01  -7.6351669e-01
   6.5717256e-01  -6.1464088e-01   4.3628065e-01
  -7.8140078e-01  -6.1187845e-01   1.2254621e-01
   4.9473013e-01  -6.0911602e-01  -6.1985463e-01
   5.4050880e-02  -6.0635359e-01   7.9335605e-01
  -5.7727942e-01  -6.0359116e-01  -5.4993289e-01
   7.9922560e-01  -6.0082873e-01   1.5597418e-02
  -6.0141247e-01  -5.9806630e-01   5.2973554e-01
   8.5851087e-02  -5.9530387e-01  -7.9890106e-01
   4.7755497e-01  -5.9254144e-01   6.4871866e-01
  -7.9232383e-01  -5.8977901e-01  -1.5615270e-01
   6.9143144e-01  -5.8701657e-01  -4.2111056e-01
  -2.2593957e-01  -5.8425414e-01   7.7948599e-01
  -3.6081325e-01  -5.8149171e-01  -7.2916472e-01
   7.6043065e-01  -5.7872928e-01   2.9464835e-01
  -7.6156974e-01  -5.7596685e-01   2.9710893e-01
   3.6171973e-01  -5.7320442e-01  -7.3525202e-01
   2.3047504e-01  -5.7044199e-01   7.8833825e-01
  -7.0409498e-01  -5.6767956e-01  -4.2660307e-01
   8.0920533e-01  -5.6491713e-01  -1.6141679e-01
  -4.8876103e-01  -5.6215470e-01   6.6715422e-01
  -9.0463221e-02  -5.5939227e-01  -8.2395188e-01
   6.2467302e-01  -5.5662983e-01   5.4767403e-01
  -8.3240675e-01  -5.5386740e-01   1.8163005e-02
   6.0284475e-01  -5.5110497e-01  -5.7694152e-01
  -5.4919944e-02  -5.4834254e-01   8.3444847e-01
  -5.2429471e-01  -5.4558011e-01  -6.5380226e-01
   8.3000657e-01  -5.4281768e-01   1.2821100e-01
  -7.0010616e-01  -5.4005525e-01   4.6710994e-01
   2.0112945e-01  -5.3729282e-01  -8.1906250e-01
   4.0580411e-01  -5.3453039e-01   7.4135031e-01
  -8.0165011e-01  -5.3176796e-01  -2.7309327e-01
   7.7716646e-01  -5.2900552e-01  -3.4083052e-01
  -3.4352381e-01  -5.2624309e-01   7.7785577e-01
  -2.7267538e-01  -5.2348066e-01  -8.0722743e-01
   7.4781790e-01  -5.2071823e-01   4.1185060e-01
  -8.3125010e-01  -5.1795580e-01   2.0185407e-01
   4.7751602e-01  -5.1519337e-01  -7.1172624e-01
   1.2890707e-01  -5.1243094e-01   8.4899794e-01
  -6.6982060e-01  -5.0966851e-01  -5.3997998e-01
   8.6028328e-01  -5.0690608e-01  -5.4395764e-02
  -5.9872439e-01  -5.0414365e-01   6.2238918e-01
   2.1102064e-02  -5.0138122e-01  -8.6496912e-01
   5.6976657e-01  -4.9861878e-01   6.5325750e-01
  -8.6297051e-01  -4.9585635e-01  -9.6996793e-02
   7.0311810e-01  -4.9309392e-01  -5.1233126e-01
  -1.7269171e-01  -4.9033149e-01   8.5425558e-01
  -4.5050283e-01  -4.8756906e-01  -7.4787941e-01
   8.3884612e-01  -4.8480663e-01   2.4758779e-01
  -7.8715275e-01  -4.8204420e-01   3.8473879e-01
   3.2108859e-01  -4.7928177e-01  -8.1681767e-01
   3.1553107e-01  -4.7651934e-01   8.2059093e-01
  -7.8829923e-01  -4.7375691e-01  -3.9260504e-01
   8.4789124e-01  -4.7099448e-01  -2.4340225e-01
  -4.6156030e-01  -4.6823204e-01   7.5347252e-01
  -1.6890147e-01  -4.6546961e-01  -8.6879821e-01
   7.1257079e-01  -4.6270718e-01   5.2739448e-01
  -8.8310590e-01  -4.5994475e-01   9.2600168e-02
   5.8956924e-01  -4.5718232e-01  -6.6587720e-01
   1.5087536e-02  -4.5441989e-01   8.9065983e-01
  -6.1372281e-01  -4.5165746e-01  -6.4757228e-01
   8.9135849e-01  -4.4889503e-01   6.3034109e-02
  -7.0092159e-01  -4.4613260e-01   5.5648417e-01
   1.4115413e-01  -4.4337017e-01  -8.8515445e-01
   4.9458049e-01  -4.4060773e-01   7.4916952e-01
  -8.7205503e-01  -4.3784530e-01  -2.1865844e-01
   7.9190652e-01  -4.3508287e-01  -4.2847049e-01
  -2.9493446e-01  -4.3232044e-01   8.5212247e-01
  -3.5864890e-01  -4.2955801e-01  -8.2876467e-01
   8.2547374e-01  -4.2679558e-01   3.6937602e-01
  -8.5942082e-01  -4.2403315e-01   2.8564268e-01
   4.4138829e-01  -4.2127072e-01  -7.9227985e-01
   2.1000688e-01  -4.1850829e-01   8.8359941e-01
  -7.5276475e-01  -4.1574586e-01  -5.1039260e-01
   9.0107492e-01  -4.1298343e-01  -1.3232039e-01
  -5.7583120e-01  -4.1022099e-01   7.0720376e-01
  -5.3181340e-02  -4.0745856e-01  -9.1167388e-01
   6.5592161e-01  -4.0469613e-01   6.3717178e-01
  -9.1527656e-01  -4.0193370e-01  -2.6797596e-02
   6.9391191e-01  -3.9917127e-01  -5.9929004e-01
  -1.0699403e-01  -3.9640884e-01   9.1181813e-01
  -5.3772507e-01  -3.9364641e-01  -7.4558316e-01
   9.0128944e-01  -3.9088398e-01   1.8678081e-01
  -7.9175504e-01  -3.8812155e-01   4.7168382e-01
   2.6553104e-01  -3.8535912e-01  -8.8373730e-01
   4.0166106e-01  -3.8259669e-01   8.3203856e-01
  -8.5926443e-01  -3.7983425e-01  -3.4262309e-01
   8.6608960e-01  -3.7707182e-01  -3.2818539e-01
  -4.1744560e-01  -3.7430939e-01   8.2802878e-01
  -2.5181515e-01  -3.7154696e-01  -8.9361176e-01
   7.9024255e-01  -3.6878453e-01   4.8940237e-01
  -9.1435901e-01  -3.6602210e-01   1.7313412e-01
   5.5791726e-01  -3.6325967e-01  -7.4617072e-01
   9.2746884e-02  -3.6049724e-01   9.2813779e-01
  -6.9612912e-01  -3.5773481e-01  -6.2243880e-01
   9.3480881e-01  -3.5497238e-01  -1.1274165e-02
  -6.8244475e-01  -3.5220994e-01   6.4048210e-01
   7.0652121e-02  -3.4944751e-01  -9.3428835e-01
   5.7963985e-01  -3.4668508e-01   7.3744634e-01
  -9.2654915e-01  -3.4392265e-01  -1.5239384e-01
   7.8699230e-01  -3.4116022e-01  -5.1405527e-01
  -2.3331173e-01  -3.3839779e-01   9.1162085e-01
  -4.4422054e-01  -3.3563536e-01  -8.3067263e-01
   8.8958994e-01  -3.3287293e-01   3.1277044e-01
  -8.6812197e-01  -3.3011050e-01   3.7066332e-01
   3.9014366e-01  -3.2734807e-01  -8.6059931e-01
   2.9394269e-01  -3.2458564e-01   8.9902273e-01
  -8.2484726e-01  -3.2182320e-01  -4.6481913e-01
   9.2310770e-01  -3.1906077e-01  -2.1464480e-01
  -5.3620353e-01  -3.1629834e-01   7.8258618e-01
  -1.3337832e-01  -3.1353591e-01  -9.4016246e-01
   7.3412069e-01  -3.1077348e-01   6.0372731e-01
  -9.5002718e-01  -3.0801105e-01   5.0769632e-02
   6.6684926e-01  -3.0524862e-01  -6.7980537e-01
  -3.2542042e-02  -3.0248619e-01   9.5259809e-01
  -6.2004218e-01  -2.9972376e-01  -7.2506094e-01
   9.4782852e-01  -2.9696133e-01   1.1590971e-01
  -7.7789080e-01  -2.9419890e-01   5.5527733e-01
   1.9868372e-01  -2.9143646e-01  -9.3572943e-01
   4.8599795e-01  -2.8867403e-01   8.2490805e-01
  -9.1636949e-01  -2.8591160e-01  -2.8021692e-01
   8.6572623e-01  -2.8314917e-01  -4.1272829e-01
  -3.5986977e-01  -2.8038674e-01   8.8987473e-01
  -3.3602571e-01  -2.7762431e-01  -9.0000637e-01
   8.5642771e-01  -2.7486188e-01   4.3701547e-01
  -9.2745985e-01  -2.7209945e-01   2.5647633e-01
   5.1104500e-01  -2.6933702e-01  -8.1626625e-01
   1.7469051e-01  -2.6657459e-01   9.4785084e-01
  -7.6968165e-01  -2.6381215e-01  -5.8137191e-01
   9.6099829e-01  -2.6104972e-01  -9.1297988e-02
  -6.4743713e-01  -2.5828729e-01   7.1701662e-01
  -6.9430475e-03  -2.5552486e-01  -9.6677755e-01
   6.5866260e-01  -2.5276243e-01   7.0871343e-01
  -9.6512150e-01  -2.5000000e-01  -7.7720623e-02
   7.6470968e-01  -2.4723757e-01  -5.9505688e-01
  -1.6203505e-01  -2.4447514e-01   9.5602121e-01
  -5.2667920e-01  -2.4171271e-01  -8.1497484e-01
   9.3952620e-01  -2.3895028e-01   2.4534320e-01
  -8.5910165e-01  -2.3618785e-01   4.5404808e-01
   3.2699415e-01  -2.3342541e-01  -9.1574418e-01
   3.7771681e-01  -2.3066298e-01   8.9672995e-01
  -8.8484033e-01  -2.2790055e-01  -4.0634828e-01
   9.2754964e-01  -2.2513812e-01  -2.9826915e-01
  -4.8278236e-01  -2.2237569e-01   8.4703615e-01
  -2.1631480e-01  -2.1961326e-01  -9.5130328e-01
   8.0260782e-01  -2.1685083e-01   5.5569452e-01
  -9.6778819e-01  -2.1408840e-01   1.3248462e-01
   6.2450904e-01  -2.1132597e-01  -7.5188416e-01
   4.7425684e-02  -2.0856354e-01   9.7685826e-01
  -6.9524412e-01  -2.0580110e-01  -6.8868099e-01
   9.7842515e-01  -2.0303867e-01   3.8203781e-02
  -7.4770058e-01  -2.0027624e-01   6.3311394e-01
   1.2373959e-01  -1.9751381e-01  -9.7245916e-01
   5.6596382e-01  -1.9475138e-01   8.0109728e-01
  -9.5898956e-01  -1.9198895e-01  -2.0851681e-01
   8.4844360e-01  -1.8922652e-01  -4.9430434e-01
  -2.9187507e-01  -1.8646409e-01   9.3810452e-01
  -4.1868250e-01  -1.8370166e-01  -8.8935857e-01
   9.0995046e-01  -1.8093923e-01   3.7316372e-01
  -9.2351084e-01  -1.7817680e-01   3.3967744e-01
   4.5174702e-01  -1.7541436e-01  -8.7473106e-01
   2.5789597e-01  -1.7265193e-01   9.5062136e-01
  -8.3270575e-01  -1.6988950e-01  -5.2700920e-01
   9.7046574e-01  -1.6712707e-01  -1.7396780e-01
  -5.9835931e-01  -1.6436464e-01   7.8418773e-01
  -8.8540611e-02  -1.6160221e-01  -9.8287603e-01
   7.2954164e-01  -1.5883978e-01   6.6523599e-01
  -9.8774222e-01  -1.5607735e-01   2.2749908e-03
   7.2711191e-01  -1.5331492e-01  -6.6918070e-01
  -8.4160772e-02  -1.5055249e-01   9.8501315e-01
  -6.0356361e-01  -1.4779006e-01  -7.8349797e-01
   9.7469706e-01  -1.4502762e-01   1.7009594e-01
  -8.3394726e-01  -1.4226519e-01   5.3319094e-01
   2.5486263e-01  -1.3950276e-01  -9.5686155e-01
   4.5860127e-01  -1.3674033e-01   8.7805863e-01
  -9.3163318e-01  -1.3397790e-01  -3.3780105e-01
   9.1547991e-01  -1.3121547e-01  -3.8036698e-01
  -4.1826475e-01  -1.2845304e-01   8.9919654e-01
  -2.9908982e-01  -1.2569061e-01  -9.4591075e-01
   8.5979289e-01  -1.2292818e-01   4.9562572e-01
  -9.6910509e-01  -1.2016575e-01   2.1539617e-01
   5.6927936e-01  -1.1740331e-01  -8.1371830e-01
   1.2993214e-01  -1.1464088e-01   9.8487314e-01
  -7.6132142e-01  -1.1187845e-01  -6.3864928e-01
   9.9308294e-01  -1.0911602e-01  -4.3358519e-02
  -7.0319190e-01  -1.0635359e-01   7.0300076e-01
   4.3654432e-02  -1.0359116e-01  -9.9366149e-01
   6.3920163e-01  -1.0082873e-01   7.6240071e-01
  -9.8659537e-01  -9.8066298e-02  -1.3043224e-01
   8.1581036e-01  -9.5303867e-02  -5.7041269e-01
  -2.1630154e-01  -9.2541436e-02   9.7193093e-01
  -4.9716211e-01  -8.9779006e-02  -8.6300033e-01
   9.4977394e-01  -8.7016575e-02   3.0059538e-01
  -9.0359831e-01  -8.4254144e-02   4.2001348e-01
   3.8265844e-01  -8.1491713e-02  -9.2028888e-01
   3.3956140e-01  -7.8729282e-02   9.3728318e-01
  -8.8369763e-01  -7.5966851e-02  -4.6185228e-01
   9.6378753e-01  -7.3204420e-02  -2.5642680e-01
  -5.3756031e-01  -7.0441989e-02   8.4027783e-01
  -1.7125210e-01  -6.7679558e-02  -9.8289989e-01
   7.9036068e-01  -6.4917127e-02   6.0919271e-01
  -9.9446637e-01  -6.2154696e-02   8.4696145e-02
   6.7619106e-01  -5.9392265e-02  -7.3432841e-01
  -2.5709421e-03  -5.6629834e-02   9.9839193e-01
  -6.7261129e-01  -5.3867403e-02  -7.3803276e-01
   9.9464120e-01  -5.1104972e-02   8.9873058e-02
  -7.9423520e-01  -4.8342541e-02   6.0568428e-01
   1.7653342e-01  -4.5580110e-02  -9.8323873e-01
   5.3406330e-01  -4.2817680e-02   8.4435954e-01
  -9.6426889e-01  -4.0055249e-02  -2.6187990e-01
   8.8801421e-01  -3.7292818e-02  -4.5830123e-01
  -3.4525030e-01  -3.4530387e-02   9.3787519e-01
  -3.7898350e-01  -3.1767956e-02  -9.2485799e-01
   9.0425921e-01  -2.9005525e-02   4.2599761e-01
  -9.5460275e-01  -2.6243094e-02   2.9672360e-01
   5.0349505e-01  -2.3480663e-02  -8.6367899e-01
   2.1215816e-01  -2.0718232e-02   9.7701570e-01
  -8.1644707e-01  -1.7955801e-02  -5.7714103e-01
   9.9192125e-01  -1.5193370e-02  -1.2594200e-01
  -6.4636393e-01  -1.2430939e-02   7.6292801e-01
  -3.8743003e-02  -9.6685083e-03  -9.9920243e-01
   7.0353554e-01  -6.9060773e-03   7.1062652e-01
  -9.9880177e-01  -4.1436464e-03  -4.8763200e-02
   7.6943028e-01  -1.3812155e-03  -6.3872931e-01
