   5.7735027e-01   5.7735027e-01   5.7735027e-01
  -5.7735027e-01  -5.7735027e-01   5.7735027e-01
  -5.7735027e-01   5.7735027e-01  -5.7735027e-01
   5.7735027e-01  -5.7735027e-01  -5.7735027e-01
   0.0000000e+00   0.0000000e+00   1.0000000e+00
  -1.0000000e+00   1.2246468e-16   6.1232340e-17
   6.1232340e-17   1.0000000e+00   6.1232340e-17
   1.0000000e+00   0.0000000e+00   6.1232340e-17
   6.1232340e-17  -1.0000000e+00   6.1232340e-17
   1.2246468e-16   0.0000000e+00  -1.0000000e+00
   3.2505758e-01   3.2505758e-01   8.8807383e-01
   4.3297803e-17   7.0710678e-01   7.0710678e-01
   3.2505758e-01   8.8807383e-01   3.2505758e-01
  -3.2505758e-01  -3.2505758e-01   8.8807383e-01
  -8.8807383e-01  -3.2505758e-01   3.2505758e-01
  -7.0710678e-01   8.6595606e-17   7.0710678e-01
  -7.0710678e-01   7.0710678e-01   6.1232340e-17
  -8.8807383e-01   3.2505758e-01  -3.2505758e-01
  -3.2505758e-01   8.8807383e-01  -3.2505758e-01
   8.8807383e-01   3.2505758e-01   3.2505758e-01
   7.0710678e-01   0.0000000e+00   7.0710678e-01
   8.8807383e-01  -3.2505758e-01  -3.2505758e-01
   3.2505758e-01  -8.8807383e-01  -3.2505758e-01
   7.0710678e-01  -7.0710678e-01   6.1232340e-17
   4.3297803e-17  -7.0710678e-01   7.0710678e-01
  -3.2505758e-01  -8.8807383e-01   3.2505758e-01
  -7.0710678e-01   8.6595606e-17  -7.0710678e-01
  -3.2505758e-01   3.2505758e-01  -8.8807383e-01
  -7.0710678e-01  -7.0710678e-01   6.1232340e-17
   2.0030705e-16  -7.0710678e-01  -7.0710678e-01
   3.2505758e-01  -3.2505758e-01  -8.8807383e-01
   7.0710678e-01   0.0000000e+00  -7.0710678e-01
   7.0710678e-01   7.0710678e-01   6.1232340e-17
   2.0030705e-16   7.0710678e-01  -7.0710678e-01
   4.6438521e-01   4.6438521e-01   7.5411720e-01
   3.5434932e-01   6.6122483e-01   6.6122483e-01
   4.6438521e-01   7.5411720e-01   4.6438521e-01
   1.6727684e-01   1.6727684e-01   9.7161562e-01
   2.3432602e-17   3.8268343e-01   9.2387953e-01
   1.6863366e-01   5.3546712e-01   8.2754918e-01
   1.6863366e-01   8.2754918e-01   5.3546712e-01
   5.6571306e-17   9.2387953e-01   3.8268343e-01
   1.6727684e-01   9.7161562e-01   1.6727684e-01
  -1.6727684e-01  -1.6727684e-01   9.7161562e-01
  -5.3546712e-01  -1.6863366e-01   8.2754918e-01
  -3.8268343e-01   4.6865204e-17   9.2387953e-01
  -4.6438521e-01  -4.6438521e-01   7.5411720e-01
  -7.5411720e-01  -4.6438521e-01   4.6438521e-01
  -6.6122483e-01  -3.5434932e-01   6.6122483e-01
  -8.2754918e-01  -1.6863366e-01   5.3546712e-01
  -9.7161562e-01  -1.6727684e-01   1.6727684e-01
  -9.2387953e-01   1.1314261e-16   3.8268343e-01
  -3.8268343e-01   9.2387953e-01   6.1232340e-17
  -5.3546712e-01   8.2754918e-01  -1.6863366e-01
  -1.6727684e-01   9.7161562e-01  -1.6727684e-01
  -9.2387953e-01   3.8268343e-01   6.1232340e-17
  -9.7161562e-01   1.6727684e-01  -1.6727684e-01
  -8.2754918e-01   5.3546712e-01  -1.6863366e-01
  -6.6122483e-01   6.6122483e-01  -3.5434932e-01
  -7.5411720e-01   4.6438521e-01  -4.6438521e-01
  -4.6438521e-01   7.5411720e-01  -4.6438521e-01
  -4.0824829e-01   4.0824829e-01   8.1649658e-01
  -8.1649658e-01   4.0824829e-01   4.0824829e-01
  -4.0824829e-01   8.1649658e-01   4.0824829e-01
   7.5411720e-01   4.6438521e-01   4.6438521e-01
   6.6122483e-01   3.5434932e-01   6.6122483e-01
   9.7161562e-01   1.6727684e-01   1.6727684e-01
   9.2387953e-01   0.0000000e+00   3.8268343e-01
   8.2754918e-01   1.6863366e-01   5.3546712e-01
   5.3546712e-01   1.6863366e-01   8.2754918e-01
   3.8268343e-01   0.0000000e+00   9.2387953e-01
   9.7161562e-01  -1.6727684e-01  -1.6727684e-01
   8.2754918e-01  -5.3546712e-01  -1.6863366e-01
   9.2387953e-01  -3.8268343e-01   6.1232340e-17
   7.5411720e-01  -4.6438521e-01  -4.6438521e-01
   4.6438521e-01  -7.5411720e-01  -4.6438521e-01
   6.6122483e-01  -6.6122483e-01  -3.5434932e-01
   5.3546712e-01  -8.2754918e-01  -1.6863366e-01
   1.6727684e-01  -9.7161562e-01  -1.6727684e-01
   3.8268343e-01  -9.2387953e-01   6.1232340e-17
   2.3432602e-17  -3.8268343e-01   9.2387953e-01
  -1.6863366e-01  -5.3546712e-01   8.2754918e-01
   5.6571306e-17  -9.2387953e-01   3.8268343e-01
  -1.6727684e-01  -9.7161562e-01   1.6727684e-01
  -1.6863366e-01  -8.2754918e-01   5.3546712e-01
  -3.5434932e-01  -6.6122483e-01   6.6122483e-01
  -4.6438521e-01  -7.5411720e-01   4.6438521e-01
   8.1649658e-01  -4.0824829e-01   4.0824829e-01
   4.0824829e-01  -8.1649658e-01   4.0824829e-01
   4.0824829e-01  -4.0824829e-01   8.1649658e-01
  -6.6122483e-01   3.5434932e-01  -6.6122483e-01
  -4.6438521e-01   4.6438521e-01  -7.5411720e-01
  -9.2387953e-01   1.1314261e-16  -3.8268343e-01
  -8.2754918e-01   1.6863366e-01  -5.3546712e-01
  -5.3546712e-01   1.6863366e-01  -8.2754918e-01
  -3.8268343e-01   4.6865204e-17  -9.2387953e-01
  -1.6727684e-01   1.6727684e-01  -9.7161562e-01
  -8.2754918e-01  -5.3546712e-01   1.6863366e-01
  -9.2387953e-01  -3.8268343e-01   6.1232340e-17
  -6.6122483e-01  -6.6122483e-01   3.5434932e-01
  -5.3546712e-01  -8.2754918e-01   1.6863366e-01
  -3.8268343e-01  -9.2387953e-01   6.1232340e-17
   1.9337819e-16  -3.8268343e-01  -9.2387953e-01
   1.6863366e-01  -5.3546712e-01  -8.2754918e-01
   1.6727684e-01  -1.6727684e-01  -9.7161562e-01
   5.6571306e-17  -9.2387953e-01  -3.8268343e-01
   1.6863366e-01  -8.2754918e-01  -5.3546712e-01
   3.5434932e-01  -6.6122483e-01  -6.6122483e-01
   4.6438521e-01  -4.6438521e-01  -7.5411720e-01
  -8.1649658e-01  -4.0824829e-01  -4.0824829e-01
  -4.0824829e-01  -8.1649658e-01  -4.0824829e-01
  -4.0824829e-01  -4.0824829e-01  -8.1649658e-01
   6.6122483e-01  -3.5434932e-01  -6.6122483e-01
   9.2387953e-01   0.0000000e+00  -3.8268343e-01
   8.2754918e-01  -1.6863366e-01  -5.3546712e-01
   5.3546712e-01  -1.6863366e-01  -8.2754918e-01
   3.8268343e-01   0.0000000e+00  -9.2387953e-01
   8.2754918e-01   5.3546712e-01   1.6863366e-01
   9.2387953e-01   3.8268343e-01   6.1232340e-17
   6.6122483e-01   6.6122483e-01   3.5434932e-01
   5.3546712e-01   8.2754918e-01   1.6863366e-01
   3.8268343e-01   9.2387953e-01   6.1232340e-17
   1.9337819e-16   3.8268343e-01  -9.2387953e-01
  -1.6863366e-01   5.3546712e-01  -8.2754918e-01
   5.6571306e-17   9.2387953e-01  -3.8268343e-01
  -1.6863366e-01   8.2754918e-01  -5.3546712e-01
  -3.5434932e-01   6.6122483e-01  -6.6122483e-01
   8.1649658e-01   4.0824829e-01  -4.0824829e-01
   4.0824829e-01   8.1649658e-01  -4.0824829e-01
   4.0824829e-01   4.0824829e-01  -8.1649658e-01
   5.2460368e-01   5.2460368e-01   6.7050873e-01
   4.7444880e-01   6.2245415e-01   6.2245415e-01
   5.2460368e-01   6.7050873e-01   5.2460368e-01
   3.9755255e-01   3.9755255e-01   8.2698485e-01
   3.4694911e-01   5.0365960e-01   7.9117212e-01
   4.1244542e-01   5.6703693e-01   7.1299221e-01
   4.1244542e-01   7.1299221e-01   5.6703693e-01
   3.4694911e-01   7.9117212e-01   5.0365960e-01
   3.9755255e-01   8.2698485e-01   3.9755255e-01
   2.4793285e-01   2.4793285e-01   9.3651407e-01
   1.7133655e-01   3.5844586e-01   9.1769295e-01
   2.4911049e-01   4.3421011e-01   8.6568213e-01
   8.4238320e-02   8.4238320e-02   9.9287855e-01
   1.1945837e-17   1.9509032e-01   9.8078528e-01
   8.4451596e-02   2.7765363e-01   9.5696206e-01
   8.4967835e-02   4.6261979e-01   8.8247572e-01
   3.4018865e-17   5.5557023e-01   8.3146961e-01
   8.5090454e-02   6.2698740e-01   7.7436839e-01
   2.4911049e-01   8.6568213e-01   4.3421011e-01
   1.7133655e-01   9.1769295e-01   3.5844586e-01
   2.4793285e-01   9.3651407e-01   2.4793285e-01
   8.5090454e-02   7.7436839e-01   6.2698740e-01
   5.0912830e-17   8.3146961e-01   5.5557023e-01
   8.4967835e-02   8.8247572e-01   4.6261979e-01
   8.4451596e-02   9.5696206e-01   2.7765363e-01
   6.0055778e-17   9.8078528e-01   1.9509032e-01
   8.4238320e-02   9.9287855e-01   8.4238320e-02
   2.6407789e-01   6.0426420e-01   7.5174972e-01
   1.7234958e-01   6.9652553e-01   6.9652553e-01
   2.6407789e-01   7.5174972e-01   6.0426420e-01
  -8.4238320e-02  -8.4238320e-02   9.9287855e-01
  -2.7765363e-01  -8.4451596e-02   9.5696206e-01
  -1.9509032e-01   2.3891674e-17   9.8078528e-01
  -2.4793285e-01  -2.4793285e-01   9.3651407e-01
  -4.3421011e-01  -2.4911049e-01   8.6568213e-01
  -3.5844586e-01  -1.7133655e-01   9.1769295e-01
  -4.6261979e-01  -8.4967835e-02   8.8247572e-01
  -6.2698740e-01  -8.5090454e-02   7.7436839e-01
  -5.5557023e-01   6.8037731e-17   8.3146961e-01
  -3.9755255e-01  -3.9755255e-01   8.2698485e-01
  -5.6703693e-01  -4.1244542e-01   7.1299221e-01
  -5.0365960e-01  -3.4694911e-01   7.9117212e-01
  -5.2460368e-01  -5.2460368e-01   6.7050873e-01
  -6.7050873e-01  -5.2460368e-01   5.2460368e-01
  -6.2245415e-01  -4.7444880e-01   6.2245415e-01
  -7.1299221e-01  -4.1244542e-01   5.6703693e-01
  -8.2698485e-01  -3.9755255e-01   3.9755255e-01
  -7.9117212e-01  -3.4694911e-01   5.0365960e-01
  -7.7436839e-01  -8.5090454e-02   6.2698740e-01
  -8.8247572e-01  -8.4967835e-02   4.6261979e-01
  -8.3146961e-01   1.0182566e-16   5.5557023e-01
  -8.6568213e-01  -2.4911049e-01   4.3421011e-01
  -9.3651407e-01  -2.4793285e-01   2.4793285e-01
  -9.1769295e-01  -1.7133655e-01   3.5844586e-01
  -9.5696206e-01  -8.4451596e-02   2.7765363e-01
  -9.9287855e-01  -8.4238320e-02   8.4238320e-02
  -9.8078528e-01   1.2011156e-16   1.9509032e-01
  -6.0426420e-01  -2.6407789e-01   7.5174972e-01
  -7.5174972e-01  -2.6407789e-01   6.0426420e-01
  -6.9652553e-01  -1.7234958e-01   6.9652553e-01
  -1.9509032e-01   9.8078528e-01   6.1232340e-17
  -2.7765363e-01   9.5696206e-01  -8.4451596e-02
  -8.4238320e-02   9.9287855e-01  -8.4238320e-02
  -5.5557023e-01   8.3146961e-01   6.1232340e-17
  -6.2698740e-01   7.7436839e-01  -8.5090454e-02
  -4.6261979e-01   8.8247572e-01  -8.4967835e-02
  -3.5844586e-01   9.1769295e-01  -1.7133655e-01
  -4.3421011e-01   8.6568213e-01  -2.4911049e-01
  -2.4793285e-01   9.3651407e-01  -2.4793285e-01
  -8.3146961e-01   5.5557023e-01   6.1232340e-17
  -8.8247572e-01   4.6261979e-01  -8.4967835e-02
  -7.7436839e-01   6.2698740e-01  -8.5090454e-02
  -9.8078528e-01   1.9509032e-01   6.1232340e-17
  -9.9287855e-01   8.4238320e-02  -8.4238320e-02
  -9.5696206e-01   2.7765363e-01  -8.4451596e-02
  -9.1769295e-01   3.5844586e-01  -1.7133655e-01
  -9.3651407e-01   2.4793285e-01  -2.4793285e-01
  -8.6568213e-01   4.3421011e-01  -2.4911049e-01
  -5.0365960e-01   7.9117212e-01  -3.4694911e-01
  -5.6703693e-01   7.1299221e-01  -4.1244542e-01
  -3.9755255e-01   8.2698485e-01  -3.9755255e-01
  -7.9117212e-01   5.0365960e-01  -3.4694911e-01
  -8.2698485e-01   3.9755255e-01  -3.9755255e-01
  -7.1299221e-01   5.6703693e-01  -4.1244542e-01
  -6.2245415e-01   6.2245415e-01  -4.7444880e-01
  -6.7050873e-01   5.2460368e-01  -5.2460368e-01
  -5.2460368e-01   6.7050873e-01  -5.2460368e-01
  -6.9652553e-01   6.9652553e-01  -1.7234958e-01
  -7.5174972e-01   6.0426420e-01  -2.6407789e-01
  -6.0426420e-01   7.5174972e-01  -2.6407789e-01
  -1.9875685e-01   1.9875685e-01   9.5968298e-01
  -5.7735027e-01   2.1132487e-01   7.8867513e-01
  -4.0461504e-01   2.0884660e-01   8.9032003e-01
  -2.0884660e-01   4.0461504e-01   8.9032003e-01
  -2.1132487e-01   5.7735027e-01   7.8867513e-01
  -8.9032003e-01   2.0884660e-01   4.0461504e-01
  -7.8867513e-01   2.1132487e-01   5.7735027e-01
  -9.5968298e-01   1.9875685e-01   1.9875685e-01
  -8.9032003e-01   4.0461504e-01   2.0884660e-01
  -7.8867513e-01   5.7735027e-01   2.1132487e-01
  -2.1132487e-01   7.8867513e-01   5.7735027e-01
  -2.0884660e-01   8.9032003e-01   4.0461504e-01
  -5.7735027e-01   7.8867513e-01   2.1132487e-01
  -4.0461504e-01   8.9032003e-01   2.0884660e-01
  -1.9875685e-01   9.5968298e-01   1.9875685e-01
  -6.3960215e-01   4.2640143e-01   6.3960215e-01
  -6.3960215e-01   6.3960215e-01   4.2640143e-01
  -4.2640143e-01   6.3960215e-01   6.3960215e-01
   6.7050873e-01   5.2460368e-01   5.2460368e-01
   6.2245415e-01   4.7444880e-01   6.2245415e-01
   8.2698485e-01   3.9755255e-01   3.9755255e-01
   7.9117212e-01   3.4694911e-01   5.0365960e-01
   7.1299221e-01   4.1244542e-01   5.6703693e-01
   5.6703693e-01   4.1244542e-01   7.1299221e-01
   5.0365960e-01   3.4694911e-01   7.9117212e-01
   9.3651407e-01   2.4793285e-01   2.4793285e-01
   9.1769295e-01   1.7133655e-01   3.5844586e-01
   8.6568213e-01   2.4911049e-01   4.3421011e-01
   9.9287855e-01   8.4238320e-02   8.4238320e-02
   9.8078528e-01   0.0000000e+00   1.9509032e-01
   9.5696206e-01   8.4451596e-02   2.7765363e-01
   8.8247572e-01   8.4967835e-02   4.6261979e-01
   8.3146961e-01   0.0000000e+00   5.5557023e-01
   7.7436839e-01   8.5090454e-02   6.2698740e-01
   4.3421011e-01   2.4911049e-01   8.6568213e-01
   3.5844586e-01   1.7133655e-01   9.1769295e-01
   6.2698740e-01   8.5090454e-02   7.7436839e-01
   5.5557023e-01   0.0000000e+00   8.3146961e-01
   4.6261979e-01   8.4967835e-02   8.8247572e-01
   2.7765363e-01   8.4451596e-02   9.5696206e-01
   1.9509032e-01   0.0000000e+00   9.8078528e-01
   7.5174972e-01   2.6407789e-01   6.0426420e-01
   6.9652553e-01   1.7234958e-01   6.9652553e-01
   6.0426420e-01   2.6407789e-01   7.5174972e-01
   9.9287855e-01  -8.4238320e-02  -8.4238320e-02
   9.5696206e-01  -2.7765363e-01  -8.4451596e-02
   9.8078528e-01  -1.9509032e-01   6.1232340e-17
   9.3651407e-01  -2.4793285e-01  -2.4793285e-01
   8.6568213e-01  -4.3421011e-01  -2.4911049e-01
   9.1769295e-01  -3.5844586e-01  -1.7133655e-01
   8.8247572e-01  -4.6261979e-01  -8.4967835e-02
   7.7436839e-01  -6.2698740e-01  -8.5090454e-02
   8.3146961e-01  -5.5557023e-01   6.1232340e-17
   8.2698485e-01  -3.9755255e-01  -3.9755255e-01
   7.1299221e-01  -5.6703693e-01  -4.1244542e-01
   7.9117212e-01  -5.0365960e-01  -3.4694911e-01
   6.7050873e-01  -5.2460368e-01  -5.2460368e-01
   5.2460368e-01  -6.7050873e-01  -5.2460368e-01
   6.2245415e-01  -6.2245415e-01  -4.7444880e-01
   5.6703693e-01  -7.1299221e-01  -4.1244542e-01
   3.9755255e-01  -8.2698485e-01  -3.9755255e-01
   5.0365960e-01  -7.9117212e-01  -3.4694911e-01
   6.2698740e-01  -7.7436839e-01  -8.5090454e-02
   4.6261979e-01  -8.8247572e-01  -8.4967835e-02
   5.5557023e-01  -8.3146961e-01   6.1232340e-17
   4.3421011e-01  -8.6568213e-01  -2.4911049e-01
   2.4793285e-01  -9.3651407e-01  -2.4793285e-01
   3.5844586e-01  -9.1769295e-01  -1.7133655e-01
   2.7765363e-01  -9.5696206e-01  -8.4451596e-02
   8.4238320e-02  -9.9287855e-01  -8.4238320e-02
   1.9509032e-01  -9.8078528e-01   6.1232340e-17
   7.5174972e-01  -6.0426420e-01  -2.6407789e-01
   6.0426420e-01  -7.5174972e-01  -2.6407789e-01
   6.9652553e-01  -6.9652553e-01  -1.7234958e-01
   1.1945837e-17  -1.9509032e-01   9.8078528e-01
  -8.4451596e-02  -2.7765363e-01   9.5696206e-01
   3.4018865e-17  -5.5557023e-01   8.3146961e-01
  -8.5090454e-02  -6.2698740e-01   7.7436839e-01
  -8.4967835e-02  -4.6261979e-01   8.8247572e-01
  -1.7133655e-01  -3.5844586e-01   9.1769295e-01
  -2.4911049e-01  -4.3421011e-01   8.6568213e-01
   5.0912830e-17  -8.3146961e-01   5.5557023e-01
  -8.4967835e-02  -8.8247572e-01   4.6261979e-01
  -8.5090454e-02  -7.7436839e-01   6.2698740e-01
   6.0055778e-17  -9.8078528e-01   1.9509032e-01
  -8.4238320e-02  -9.9287855e-01   8.4238320e-02
  -8.4451596e-02  -9.5696206e-01   2.7765363e-01
  -1.7133655e-01  -9.1769295e-01   3.5844586e-01
  -2.4793285e-01  -9.3651407e-01   2.4793285e-01
  -2.4911049e-01  -8.6568213e-01   4.3421011e-01
  -3.4694911e-01  -5.0365960e-01   7.9117212e-01
  -4.1244542e-01  -5.6703693e-01   7.1299221e-01
  -3.4694911e-01  -7.9117212e-01   5.0365960e-01
  -3.9755255e-01  -8.2698485e-01   3.9755255e-01
  -4.1244542e-01  -7.1299221e-01   5.6703693e-01
  -4.7444880e-01  -6.2245415e-01   6.2245415e-01
  -5.2460368e-01  -6.7050873e-01   5.2460368e-01
  -1.7234958e-01  -6.9652553e-01   6.9652553e-01
  -2.6407789e-01  -7.5174972e-01   6.0426420e-01
  -2.6407789e-01  -6.0426420e-01   7.5174972e-01
   9.5968298e-01  -1.9875685e-01   1.9875685e-01
   7.8867513e-01  -5.7735027e-01   2.1132487e-01
   8.9032003e-01  -4.0461504e-01   2.0884660e-01
   8.9032003e-01  -2.0884660e-01   4.0461504e-01
   7.8867513e-01  -2.1132487e-01   5.7735027e-01
   4.0461504e-01  -8.9032003e-01   2.0884660e-01
   5.7735027e-01  -7.8867513e-01   2.1132487e-01
   1.9875685e-01  -9.5968298e-01   1.9875685e-01
   2.0884660e-01  -8.9032003e-01   4.0461504e-01
   2.1132487e-01  -7.8867513e-01   5.7735027e-01
   5.7735027e-01  -2.1132487e-01   7.8867513e-01
   4.0461504e-01  -2.0884660e-01   8.9032003e-01
   2.1132487e-01  -5.7735027e-01   7.8867513e-01
   2.0884660e-01  -4.0461504e-01   8.9032003e-01
   1.9875685e-01  -1.9875685e-01   9.5968298e-01
   6.3960215e-01  -6.3960215e-01   4.2640143e-01
   4.2640143e-01  -6.3960215e-01   6.3960215e-01
   6.3960215e-01  -4.2640143e-01   6.3960215e-01
  -6.2245415e-01   4.7444880e-01  -6.2245415e-01
  -5.2460368e-01   5.2460368e-01  -6.7050873e-01
  -7.9117212e-01   3.4694911e-01  -5.0365960e-01
  -7.1299221e-01   4.1244542e-01  -5.6703693e-01
  -5.6703693e-01   4.1244542e-01  -7.1299221e-01
  -5.0365960e-01   3.4694911e-01  -7.9117212e-01
  -3.9755255e-01   3.9755255e-01  -8.2698485e-01
  -9.1769295e-01   1.7133655e-01  -3.5844586e-01
  -8.6568213e-01   2.4911049e-01  -4.3421011e-01
  -9.8078528e-01   1.2011156e-16  -1.9509032e-01
  -9.5696206e-01   8.4451596e-02  -2.7765363e-01
  -8.8247572e-01   8.4967835e-02  -4.6261979e-01
  -8.3146961e-01   1.0182566e-16  -5.5557023e-01
  -7.7436839e-01   8.5090454e-02  -6.2698740e-01
  -4.3421011e-01   2.4911049e-01  -8.6568213e-01
  -3.5844586e-01   1.7133655e-01  -9.1769295e-01
  -2.4793285e-01   2.4793285e-01  -9.3651407e-01
  -6.2698740e-01   8.5090454e-02  -7.7436839e-01
  -5.5557023e-01   6.8037731e-17  -8.3146961e-01
  -4.6261979e-01   8.4967835e-02  -8.8247572e-01
  -2.7765363e-01   8.4451596e-02  -9.5696206e-01
  -1.9509032e-01   2.3891674e-17  -9.8078528e-01
  -8.4238320e-02   8.4238320e-02  -9.9287855e-01
  -7.5174972e-01   2.6407789e-01  -6.0426420e-01
  -6.9652553e-01   1.7234958e-01  -6.9652553e-01
  -6.0426420e-01   2.6407789e-01  -7.5174972e-01
  -9.5696206e-01  -2.7765363e-01   8.4451596e-02
  -9.8078528e-01  -1.9509032e-01   6.1232340e-17
  -8.6568213e-01  -4.3421011e-01   2.4911049e-01
  -9.1769295e-01  -3.5844586e-01   1.7133655e-01
  -8.8247572e-01  -4.6261979e-01   8.4967835e-02
  -7.7436839e-01  -6.2698740e-01   8.5090454e-02
  -8.3146961e-01  -5.5557023e-01   6.1232340e-17
  -7.1299221e-01  -5.6703693e-01   4.1244542e-01
  -7.9117212e-01  -5.0365960e-01   3.4694911e-01
  -6.2245415e-01  -6.2245415e-01   4.7444880e-01
  -5.6703693e-01  -7.1299221e-01   4.1244542e-01
  -5.0365960e-01  -7.9117212e-01   3.4694911e-01
  -6.2698740e-01  -7.7436839e-01   8.5090454e-02
  -4.6261979e-01  -8.8247572e-01   8.4967835e-02
  -5.5557023e-01  -8.3146961e-01   6.1232340e-17
  -4.3421011e-01  -8.6568213e-01   2.4911049e-01
  -3.5844586e-01  -9.1769295e-01   1.7133655e-01
  -2.7765363e-01  -9.5696206e-01   8.4451596e-02
  -1.9509032e-01  -9.8078528e-01   6.1232340e-17
  -7.5174972e-01  -6.0426420e-01   2.6407789e-01
  -6.0426420e-01  -7.5174972e-01   2.6407789e-01
  -6.9652553e-01  -6.9652553e-01   1.7234958e-01
   1.4190210e-16  -1.9509032e-01  -9.8078528e-01
   8.4451596e-02  -2.7765363e-01  -9.5696206e-01
   8.4238320e-02  -8.4238320e-02  -9.9287855e-01
   1.5738024e-16  -5.5557023e-01  -8.3146961e-01
   8.5090454e-02  -6.2698740e-01  -7.7436839e-01
   8.4967835e-02  -4.6261979e-01  -8.8247572e-01
   1.7133655e-01  -3.5844586e-01  -9.1769295e-01
   2.4911049e-01  -4.3421011e-01  -8.6568213e-01
   2.4793285e-01  -2.4793285e-01  -9.3651407e-01
   5.0912830e-17  -8.3146961e-01  -5.5557023e-01
   8.4967835e-02  -8.8247572e-01  -4.6261979e-01
   8.5090454e-02  -7.7436839e-01  -6.2698740e-01
   6.0055778e-17  -9.8078528e-01  -1.9509032e-01
   8.4451596e-02  -9.5696206e-01  -2.7765363e-01
   1.7133655e-01  -9.1769295e-01  -3.5844586e-01
   2.4911049e-01  -8.6568213e-01  -4.3421011e-01
   3.4694911e-01  -5.0365960e-01  -7.9117212e-01
   4.1244542e-01  -5.6703693e-01  -7.1299221e-01
   3.9755255e-01  -3.9755255e-01  -8.2698485e-01
   3.4694911e-01  -7.9117212e-01  -5.0365960e-01
   4.1244542e-01  -7.1299221e-01  -5.6703693e-01
   4.7444880e-01  -6.2245415e-01  -6.2245415e-01
   5.2460368e-01  -5.2460368e-01  -6.7050873e-01
   1.7234958e-01  -6.9652553e-01  -6.9652553e-01
   2.6407789e-01  -7.5174972e-01  -6.0426420e-01
   2.6407789e-01  -6.0426420e-01  -7.5174972e-01
  -9.5968298e-01  -1.9875685e-01  -1.9875685e-01
  -7.8867513e-01  -5.7735027e-01  -2.1132487e-01
  -8.9032003e-01  -4.0461504e-01  -2.0884660e-01
  -8.9032003e-01  -2.0884660e-01  -4.0461504e-01
  -7.8867513e-01  -2.1132487e-01  -5.7735027e-01
  -4.0461504e-01  -8.9032003e-01  -2.0884660e-01
  -5.7735027e-01  -7.8867513e-01  -2.1132487e-01
  -1.9875685e-01  -9.5968298e-01  -1.9875685e-01
  -2.0884660e-01  -8.9032003e-01  -4.0461504e-01
  -2.1132487e-01  -7.8867513e-01  -5.7735027e-01
  -5.7735027e-01  -2.1132487e-01  -7.8867513e-01
  -4.0461504e-01  -2.0884660e-01  -8.9032003e-01
  -2.1132487e-01  -5.7735027e-01  -7.8867513e-01
  -2.0884660e-01  -4.0461504e-01  -8.9032003e-01
  -1.9875685e-01  -1.9875685e-01  -9.5968298e-01
  -6.3960215e-01  -6.3960215e-01  -4.2640143e-01
  -4.2640143e-01  -6.3960215e-01  -6.3960215e-01
  -6.3960215e-01  -4.2640143e-01  -6.3960215e-01
   6.2245415e-01  -4.7444880e-01  -6.2245415e-01
   7.9117212e-01  -3.4694911e-01  -5.0365960e-01
   7.1299221e-01  -4.1244542e-01  -5.6703693e-01
   5.6703693e-01  -4.1244542e-01  -7.1299221e-01
   5.0365960e-01  -3.4694911e-01  -7.9117212e-01
   9.1769295e-01  -1.7133655e-01  -3.5844586e-01
   8.6568213e-01  -2.4911049e-01  -4.3421011e-01
   9.8078528e-01   0.0000000e+00  -1.9509032e-01
   9.5696206e-01  -8.4451596e-02  -2.7765363e-01
   8.8247572e-01  -8.4967835e-02  -4.6261979e-01
   8.3146961e-01   0.0000000e+00  -5.5557023e-01
   7.7436839e-01  -8.5090454e-02  -6.2698740e-01
   4.3421011e-01  -2.4911049e-01  -8.6568213e-01
   3.5844586e-01  -1.7133655e-01  -9.1769295e-01
   6.2698740e-01  -8.5090454e-02  -7.7436839e-01
   5.5557023e-01   0.0000000e+00  -8.3146961e-01
   4.6261979e-01  -8.4967835e-02  -8.8247572e-01
   2.7765363e-01  -8.4451596e-02  -9.5696206e-01
   1.9509032e-01   0.0000000e+00  -9.8078528e-01
   7.5174972e-01  -2.6407789e-01  -6.0426420e-01
   6.9652553e-01  -1.7234958e-01  -6.9652553e-01
   6.0426420e-01  -2.6407789e-01  -7.5174972e-01
   9.5696206e-01   2.7765363e-01   8.4451596e-02
   9.8078528e-01   1.9509032e-01   6.1232340e-17
   8.6568213e-01   4.3421011e-01   2.4911049e-01
   9.1769295e-01   3.5844586e-01   1.7133655e-01
   8.8247572e-01   4.6261979e-01   8.4967835e-02
   7.7436839e-01   6.2698740e-01   8.5090454e-02
   8.3146961e-01   5.5557023e-01   6.1232340e-17
   7.1299221e-01   5.6703693e-01   4.1244542e-01
   7.9117212e-01   5.0365960e-01   3.4694911e-01
   6.2245415e-01   6.2245415e-01   4.7444880e-01
   5.6703693e-01   7.1299221e-01   4.1244542e-01
   5.0365960e-01   7.9117212e-01   3.4694911e-01
   6.2698740e-01   7.7436839e-01   8.5090454e-02
   4.6261979e-01   8.8247572e-01   8.4967835e-02
   5.5557023e-01   8.3146961e-01   6.1232340e-17
   4.3421011e-01   8.6568213e-01   2.4911049e-01
   3.5844586e-01   9.1769295e-01   1.7133655e-01
   2.7765363e-01   9.5696206e-01   8.4451596e-02
   1.9509032e-01   9.8078528e-01   6.1232340e-17
   7.5174972e-01   6.0426420e-01   2.6407789e-01
   6.0426420e-01   7.5174972e-01   2.6407789e-01
   6.9652553e-01   6.9652553e-01   1.7234958e-01
   1.4190210e-16   1.9509032e-01  -9.8078528e-01
  -8.4451596e-02   2.7765363e-01  -9.5696206e-01
   1.5738024e-16   5.5557023e-01  -8.3146961e-01
  -8.5090454e-02   6.2698740e-01  -7.7436839e-01
  -8.4967835e-02   4.6261979e-01  -8.8247572e-01
  -1.7133655e-01   3.5844586e-01  -9.1769295e-01
  -2.4911049e-01   4.3421011e-01  -8.6568213e-01
   5.0912830e-17   8.3146961e-01  -5.5557023e-01
  -8.4967835e-02   8.8247572e-01  -4.6261979e-01
  -8.5090454e-02   7.7436839e-01  -6.2698740e-01
   6.0055778e-17   9.8078528e-01  -1.9509032e-01
  -8.4451596e-02   9.5696206e-01  -2.7765363e-01
  -1.7133655e-01   9.1769295e-01  -3.5844586e-01
  -2.4911049e-01   8.6568213e-01  -4.3421011e-01
  -3.4694911e-01   5.0365960e-01  -7.9117212e-01
  -4.1244542e-01   5.6703693e-01  -7.1299221e-01
  -3.4694911e-01   7.9117212e-01  -5.0365960e-01
  -4.1244542e-01   7.1299221e-01  -5.6703693e-01
  -4.7444880e-01   6.2245415e-01  -6.2245415e-01
  -1.7234958e-01   6.9652553e-01  -6.9652553e-01
  -2.6407789e-01   7.5174972e-01  -6.0426420e-01
  -2.6407789e-01   6.0426420e-01  -7.5174972e-01
   9.5968298e-01   1.9875685e-01  -1.9875685e-01
   7.8867513e-01   5.7735027e-01  -2.1132487e-01
   8.9032003e-01   4.0461504e-01  -2.0884660e-01
   8.9032003e-01   2.0884660e-01  -4.0461504e-01
   7.8867513e-01   2.1132487e-01  -5.7735027e-01
   4.0461504e-01   8.9032003e-01  -2.0884660e-01
   5.7735027e-01   7.8867513e-01  -2.1132487e-01
   1.9875685e-01   9.5968298e-01  -1.9875685e-01
   2.0884660e-01   8.9032003e-01  -4.0461504e-01
   2.1132487e-01   7.8867513e-01  -5.7735027e-01
   5.7735027e-01   2.1132487e-01  -7.8867513e-01
   4.0461504e-01   2.0884660e-01  -8.9032003e-01
   2.1132487e-01   5.7735027e-01  -7.8867513e-01
   2.0884660e-01   4.0461504e-01  -8.9032003e-01
   1.9875685e-01   1.9875685e-01  -9.5968298e-01
   6.3960215e-01   6.3960215e-01  -4.2640143e-01
   4.2640143e-01   6.3960215e-01  -6.3960215e-01
   6.3960215e-01   4.2640143e-01  -6.3960215e-01
