   5.5481600e-02  -1.1890500e-01  -9.9135400e-01
  -5.5602200e-02   3.6615400e-01  -9.2889200e-01
  -3.9187400e-01   5.0102700e-04  -9.2001900e-01
  -2.9499200e-01  -4.6191100e-01  -8.3643200e-01
   1.7048100e-01  -5.3905100e-01  -8.2484000e-01
   5.3338800e-01  -2.4233200e-01  -8.1041500e-01
   3.8205200e-01   2.0770500e-01  -9.0049700e-01
   3.9980300e-01   6.0706800e-01  -6.8675000e-01
  -3.7517000e-02   7.4994700e-01  -6.6043400e-01
  -4.6674600e-01   4.8846300e-01  -7.3726000e-01
  -7.4393500e-01   1.0592500e-01  -6.5980300e-01
  -7.0883700e-01  -3.4606100e-01  -6.1464800e-01
  -4.6404700e-01  -7.3332700e-01  -4.9688300e-01
   2.3108200e-03  -8.4179900e-01  -5.3978600e-01
   5.0944700e-01  -6.7922300e-01  -5.2831800e-01
   8.2693700e-01  -3.2347100e-01  -4.5993700e-01
   7.5532600e-01   1.6414200e-01  -6.3446000e-01
   7.4823100e-01   5.5439900e-01  -3.6440600e-01
   4.0529600e-01   8.6850500e-01  -2.8536600e-01
  -3.1705400e-02   9.6716100e-01  -2.5218000e-01
  -4.5786800e-01   8.0201900e-01  -3.8356500e-01
  -8.1378000e-01   4.5748200e-01  -3.5843100e-01
  -9.6606600e-01   2.2394100e-03  -2.5828400e-01
  -8.7109600e-01  -4.5326000e-01  -1.8906800e-01
  -5.9736200e-01  -7.9956100e-01  -6.2136500e-02
  -1.7602500e-01  -9.7599600e-01  -1.2824600e-01
   3.1600900e-01  -9.3337300e-01  -1.7015600e-01
   7.1615400e-01  -6.9211800e-01  -8.9977600e-02
   9.4914600e-01  -3.1483300e-01  -9.5990600e-04
   9.6806600e-01   9.7107400e-02  -2.3112300e-01
   8.9034400e-01   4.5081300e-01   6.3676900e-02
   5.9897600e-01   7.8933700e-01   1.3481600e-01
   1.6323500e-01   9.6879900e-01   1.8650000e-01
  -3.2573600e-01   9.3890600e-01   1.1114000e-01
  -7.1112500e-01   7.0284800e-01   1.7503900e-02
  -9.3899600e-01   3.1947400e-01   1.2736900e-01
  -9.7051200e-01  -1.4537600e-01   1.9228100e-01
  -7.6015700e-01  -5.7383200e-01   3.0475900e-01
  -3.6003900e-01  -8.6248200e-01   3.5566400e-01
   9.3671900e-02  -9.6258100e-01   2.5429200e-01
   5.0818600e-01  -8.0097900e-01   3.1651000e-01
   7.9511900e-01  -4.4031400e-01   4.1702500e-01
   9.5392600e-01   4.4970800e-02   2.9665300e-01
   7.3738400e-01   4.3911000e-01   5.1327100e-01
   3.6719400e-01   7.4402800e-01   5.5820400e-01
  -1.5793400e-01   8.3029300e-01   5.3448200e-01
  -5.9931400e-01   6.5471800e-01   4.6061600e-01
  -7.9196000e-01   2.3510200e-01   5.6349500e-01
  -7.6326400e-01  -2.1736000e-01   6.0842600e-01
  -4.3879000e-01  -5.5541600e-01   7.0638200e-01
   2.8382300e-02  -7.5062500e-01   6.6011900e-01
   4.3717800e-01  -5.4519800e-01   7.1528600e-01
   7.2651100e-01  -5.4605700e-02   6.8498200e-01
   4.3588000e-01   3.1397900e-01   8.4346100e-01
   3.3197000e-02   5.5410800e-01   8.3178300e-01
  -4.1560300e-01   4.0939100e-01   8.1220300e-01
  -4.4895400e-01  -6.2653100e-02   8.9135500e-01
  -6.4015600e-02  -3.7499800e-01   9.2481300e-01
   3.4652900e-01  -1.5384800e-01   9.2533700e-01
  -2.9863900e-02   1.2080500e-01   9.9222700e-01
