   8.5065081e-01   5.2573111e-01   6.1232340e-17
  -8.5065081e-01   5.2573111e-01   6.1232340e-17
  -8.5065081e-01  -5.2573111e-01   6.1232340e-17
   8.5065081e-01  -5.2573111e-01   6.1232340e-17
   5.2573111e-01   0.0000000e+00   8.5065081e-01
   5.2573111e-01   0.0000000e+00  -8.5065081e-01
  -5.2573111e-01   6.4383492e-17  -8.5065081e-01
  -5.2573111e-01   6.4383492e-17   8.5065081e-01
   5.2087339e-17   8.5065081e-01   5.2573111e-01
   5.2087339e-17  -8.5065081e-01   5.2573111e-01
   5.2087339e-17  -8.5065081e-01  -5.2573111e-01
   5.2087339e-17   8.5065081e-01  -5.2573111e-01
   3.0901699e-01   5.0000000e-01   8.0901699e-01
  -3.0901699e-01   5.0000000e-01   8.0901699e-01
   0.0000000e+00   0.0000000e+00   1.0000000e+00
  -3.0901699e-01  -5.0000000e-01   8.0901699e-01
   3.0901699e-01  -5.0000000e-01   8.0901699e-01
   1.2246468e-16   0.0000000e+00  -1.0000000e+00
  -3.0901699e-01   5.0000000e-01  -8.0901699e-01
   3.0901699e-01   5.0000000e-01  -8.0901699e-01
   3.0901699e-01  -5.0000000e-01  -8.0901699e-01
  -3.0901699e-01  -5.0000000e-01  -8.0901699e-01
   8.0901699e-01   3.0901699e-01   5.0000000e-01
   8.0901699e-01  -3.0901699e-01   5.0000000e-01
   1.0000000e+00   0.0000000e+00   6.1232340e-17
   8.0901699e-01  -3.0901699e-01  -5.0000000e-01
   8.0901699e-01   3.0901699e-01  -5.0000000e-01
  -8.0901699e-01  -3.0901699e-01   5.0000000e-01
  -8.0901699e-01   3.0901699e-01   5.0000000e-01
  -1.0000000e+00   1.2246468e-16   6.1232340e-17
  -8.0901699e-01   3.0901699e-01  -5.0000000e-01
  -8.0901699e-01  -3.0901699e-01  -5.0000000e-01
   5.0000000e-01   8.0901699e-01   3.0901699e-01
   5.0000000e-01   8.0901699e-01  -3.0901699e-01
   6.1232340e-17   1.0000000e+00   6.1232340e-17
  -5.0000000e-01   8.0901699e-01  -3.0901699e-01
  -5.0000000e-01   8.0901699e-01   3.0901699e-01
   6.1232340e-17  -1.0000000e+00   6.1232340e-17
   5.0000000e-01  -8.0901699e-01  -3.0901699e-01
   5.0000000e-01  -8.0901699e-01   3.0901699e-01
  -5.0000000e-01  -8.0901699e-01   3.0901699e-01
  -5.0000000e-01  -8.0901699e-01  -3.0901699e-01
   4.3388856e-01   2.5989191e-01   8.6266848e-01
   1.6245985e-01   2.6286556e-01   9.5105652e-01
   2.7326653e-01   0.0000000e+00   9.6193836e-01
   1.6062204e-01   7.0204644e-01   6.9378048e-01
  -1.6062204e-01   7.0204644e-01   6.9378048e-01
  -8.4544011e-17   5.2573111e-01   8.5065081e-01
  -1.6245985e-01   2.6286556e-01   9.5105652e-01
  -4.3388856e-01   2.5989191e-01   8.6266848e-01
  -2.7326653e-01   3.3465498e-17   9.6193836e-01
   1.6245985e-01  -2.6286556e-01   9.5105652e-01
   4.3388856e-01  -2.5989191e-01   8.6266848e-01
  -4.3388856e-01  -2.5989191e-01   8.6266848e-01
  -1.6245985e-01  -2.6286556e-01   9.5105652e-01
  -8.4544011e-17  -5.2573111e-01   8.5065081e-01
  -1.6062204e-01  -7.0204644e-01   6.9378048e-01
   1.6062204e-01  -7.0204644e-01   6.9378048e-01
   2.7326653e-01   0.0000000e+00  -9.6193836e-01
   1.6245985e-01   2.6286556e-01  -9.5105652e-01
   4.3388856e-01   2.5989191e-01  -8.6266848e-01
  -2.7326653e-01   3.3465498e-17  -9.6193836e-01
  -4.3388856e-01   2.5989191e-01  -8.6266848e-01
  -1.6245985e-01   2.6286556e-01  -9.5105652e-01
  -8.4544011e-17   5.2573111e-01  -8.5065081e-01
  -1.6062204e-01   7.0204644e-01  -6.9378048e-01
   1.6062204e-01   7.0204644e-01  -6.9378048e-01
   4.3388856e-01  -2.5989191e-01  -8.6266848e-01
   1.6245985e-01  -2.6286556e-01  -9.5105652e-01
   1.6062204e-01  -7.0204644e-01  -6.9378048e-01
  -1.6062204e-01  -7.0204644e-01  -6.9378048e-01
  -8.4544011e-17  -5.2573111e-01  -8.5065081e-01
  -1.6245985e-01  -2.6286556e-01  -9.5105652e-01
  -4.3388856e-01  -2.5989191e-01  -8.6266848e-01
   8.6266848e-01   4.3388856e-01   2.5989191e-01
   9.5105652e-01   1.6245985e-01   2.6286556e-01
   9.6193836e-01   2.7326653e-01   6.1232340e-17
   6.9378048e-01   1.6062204e-01   7.0204644e-01
   6.9378048e-01  -1.6062204e-01   7.0204644e-01
   8.5065081e-01   0.0000000e+00   5.2573111e-01
   9.5105652e-01  -1.6245985e-01   2.6286556e-01
   8.6266848e-01  -4.3388856e-01   2.5989191e-01
   9.6193836e-01  -2.7326653e-01   6.1232340e-17
   9.5105652e-01   1.6245985e-01  -2.6286556e-01
   8.6266848e-01   4.3388856e-01  -2.5989191e-01
   8.6266848e-01  -4.3388856e-01  -2.5989191e-01
   9.5105652e-01  -1.6245985e-01  -2.6286556e-01
   8.5065081e-01   0.0000000e+00  -5.2573111e-01
   6.9378048e-01  -1.6062204e-01  -7.0204644e-01
   6.9378048e-01   1.6062204e-01  -7.0204644e-01
  -8.6266848e-01  -4.3388856e-01   2.5989191e-01
  -9.5105652e-01  -1.6245985e-01   2.6286556e-01
  -9.6193836e-01  -2.7326653e-01   6.1232340e-17
  -6.9378048e-01  -1.6062204e-01   7.0204644e-01
  -6.9378048e-01   1.6062204e-01   7.0204644e-01
  -8.5065081e-01   1.0417468e-16   5.2573111e-01
  -9.5105652e-01   1.6245985e-01   2.6286556e-01
  -8.6266848e-01   4.3388856e-01   2.5989191e-01
  -9.6193836e-01   2.7326653e-01   6.1232340e-17
  -9.5105652e-01  -1.6245985e-01  -2.6286556e-01
  -8.6266848e-01  -4.3388856e-01  -2.5989191e-01
  -8.6266848e-01   4.3388856e-01  -2.5989191e-01
  -9.5105652e-01   1.6245985e-01  -2.6286556e-01
  -8.5065081e-01   1.0417468e-16  -5.2573111e-01
  -6.9378048e-01   1.6062204e-01  -7.0204644e-01
  -6.9378048e-01  -1.6062204e-01  -7.0204644e-01
   2.5989191e-01   8.6266848e-01   4.3388856e-01
   2.6286556e-01   9.5105652e-01   1.6245985e-01
   5.8901737e-17   9.6193836e-01   2.7326653e-01
   7.0204644e-01   6.9378048e-01   1.6062204e-01
   7.0204644e-01   6.9378048e-01  -1.6062204e-01
   5.2573111e-01   8.5065081e-01  -1.6081226e-16
   2.6286556e-01   9.5105652e-01  -1.6245985e-01
   2.5989191e-01   8.6266848e-01  -4.3388856e-01
   5.8901737e-17   9.6193836e-01  -2.7326653e-01
  -2.6286556e-01   9.5105652e-01   1.6245985e-01
  -2.5989191e-01   8.6266848e-01   4.3388856e-01
  -2.5989191e-01   8.6266848e-01  -4.3388856e-01
  -2.6286556e-01   9.5105652e-01  -1.6245985e-01
  -5.2573111e-01   8.5065081e-01  -1.6081226e-16
  -7.0204644e-01   6.9378048e-01  -1.6062204e-01
  -7.0204644e-01   6.9378048e-01   1.6062204e-01
   5.8901737e-17  -9.6193836e-01   2.7326653e-01
   2.6286556e-01  -9.5105652e-01   1.6245985e-01
   2.5989191e-01  -8.6266848e-01   4.3388856e-01
   5.8901737e-17  -9.6193836e-01  -2.7326653e-01
   2.5989191e-01  -8.6266848e-01  -4.3388856e-01
   2.6286556e-01  -9.5105652e-01  -1.6245985e-01
   5.2573111e-01  -8.5065081e-01  -1.6081226e-16
   7.0204644e-01  -6.9378048e-01  -1.6062204e-01
   7.0204644e-01  -6.9378048e-01   1.6062204e-01
  -2.5989191e-01  -8.6266848e-01   4.3388856e-01
  -2.6286556e-01  -9.5105652e-01   1.6245985e-01
  -7.0204644e-01  -6.9378048e-01   1.6062204e-01
  -7.0204644e-01  -6.9378048e-01  -1.6062204e-01
  -5.2573111e-01  -8.5065081e-01  -1.6081226e-16
  -2.6286556e-01  -9.5105652e-01  -1.6245985e-01
  -2.5989191e-01  -8.6266848e-01  -4.3388856e-01
   4.2532540e-01   6.8819096e-01   5.8778525e-01
   5.8778525e-01   4.2532540e-01   6.8819096e-01
   6.8819096e-01   5.8778525e-01   4.2532540e-01
   4.2532540e-01   6.8819096e-01  -5.8778525e-01
   6.8819096e-01   5.8778525e-01  -4.2532540e-01
   5.8778525e-01   4.2532540e-01  -6.8819096e-01
   5.8778525e-01  -4.2532540e-01   6.8819096e-01
   4.2532540e-01  -6.8819096e-01   5.8778525e-01
   6.8819096e-01  -5.8778525e-01   4.2532540e-01
   5.8778525e-01  -4.2532540e-01  -6.8819096e-01
   6.8819096e-01  -5.8778525e-01  -4.2532540e-01
   4.2532540e-01  -6.8819096e-01  -5.8778525e-01
  -5.8778525e-01   4.2532540e-01   6.8819096e-01
  -4.2532540e-01   6.8819096e-01   5.8778525e-01
  -6.8819096e-01   5.8778525e-01   4.2532540e-01
  -5.8778525e-01   4.2532540e-01  -6.8819096e-01
  -6.8819096e-01   5.8778525e-01  -4.2532540e-01
  -4.2532540e-01   6.8819096e-01  -5.8778525e-01
  -5.8778525e-01  -4.2532540e-01   6.8819096e-01
  -6.8819096e-01  -5.8778525e-01   4.2532540e-01
  -4.2532540e-01  -6.8819096e-01   5.8778525e-01
  -5.8778525e-01  -4.2532540e-01  -6.8819096e-01
  -4.2532540e-01  -6.8819096e-01  -5.8778525e-01
  -6.8819096e-01  -5.8778525e-01  -4.2532540e-01
   4.8444164e-01   1.3120038e-01   8.6492934e-01
   3.5822879e-01   1.3165537e-01   9.2430460e-01
   4.0335535e-01   0.0000000e+00   9.1504342e-01
   3.7503857e-01   3.8361373e-01   8.4391147e-01
   2.3867693e-01   3.8618739e-01   8.9100652e-01
   3.0125888e-01   2.6408275e-01   9.1624418e-01
   2.2011703e-01   1.3279248e-01   9.6639260e-01
   8.2242465e-02   1.3307110e-01   9.8768834e-01
   1.3795224e-01   0.0000000e+00   9.9043888e-01
   2.3708633e-01   6.0682515e-01   7.5865230e-01
   8.1141852e-02   6.2023958e-01   7.8020437e-01
   1.5643447e-01   5.1925849e-01   8.4017789e-01
   8.1086293e-02   7.8384304e-01   6.1564202e-01
  -8.1086293e-02   7.8384304e-01   6.1564202e-01
  -1.1438283e-16   7.1128173e-01   7.0290703e-01
  -8.1141852e-02   6.2023958e-01   7.8020437e-01
  -2.3708633e-01   6.0682515e-01   7.5865230e-01
  -1.5643447e-01   5.1925849e-01   8.4017789e-01
  -8.2242465e-02   1.3307110e-01   9.8768834e-01
  -2.2011703e-01   1.3279248e-01   9.6639260e-01
  -1.3795224e-01   1.6894277e-17   9.9043888e-01
  -2.3867693e-01   3.8618739e-01   8.9100652e-01
  -3.7503857e-01   3.8361373e-01   8.4391147e-01
  -3.0125888e-01   2.6408275e-01   9.1624418e-01
  -3.5822879e-01   1.3165537e-01   9.2430460e-01
  -4.8444164e-01   1.3120038e-01   8.6492934e-01
  -4.0335535e-01   4.9396784e-17   9.1504342e-01
   8.2323580e-02   3.9960705e-01   9.1298249e-01
  -8.2323580e-02   3.9960705e-01   9.1298249e-01
  -4.2841143e-17   2.6640470e-01   9.6386126e-01
   3.5822879e-01  -1.3165537e-01   9.2430460e-01
   4.8444164e-01  -1.3120038e-01   8.6492934e-01
   8.2242465e-02  -1.3307110e-01   9.8768834e-01
   2.2011703e-01  -1.3279248e-01   9.6639260e-01
   3.0125888e-01  -2.6408275e-01   9.1624418e-01
   2.3867693e-01  -3.8618739e-01   8.9100652e-01
   3.7503857e-01  -3.8361373e-01   8.4391147e-01
  -2.2011703e-01  -1.3279248e-01   9.6639260e-01
  -8.2242465e-02  -1.3307110e-01   9.8768834e-01
  -4.8444164e-01  -1.3120038e-01   8.6492934e-01
  -3.5822879e-01  -1.3165537e-01   9.2430460e-01
  -3.0125888e-01  -2.6408275e-01   9.1624418e-01
  -3.7503857e-01  -3.8361373e-01   8.4391147e-01
  -2.3867693e-01  -3.8618739e-01   8.9100652e-01
   1.5643447e-01  -5.1925849e-01   8.4017789e-01
   8.1141852e-02  -6.2023958e-01   7.8020437e-01
   2.3708633e-01  -6.0682515e-01   7.5865230e-01
  -1.5643447e-01  -5.1925849e-01   8.4017789e-01
  -2.3708633e-01  -6.0682515e-01   7.5865230e-01
  -8.1141852e-02  -6.2023958e-01   7.8020437e-01
  -1.1438283e-16  -7.1128173e-01   7.0290703e-01
  -8.1086293e-02  -7.8384304e-01   6.1564202e-01
   8.1086293e-02  -7.8384304e-01   6.1564202e-01
  -4.2841143e-17  -2.6640470e-01   9.6386126e-01
  -8.2323580e-02  -3.9960705e-01   9.1298249e-01
   8.2323580e-02  -3.9960705e-01   9.1298249e-01
   4.0335535e-01   0.0000000e+00  -9.1504342e-01
   3.5822879e-01   1.3165537e-01  -9.2430460e-01
   4.8444164e-01   1.3120038e-01  -8.6492934e-01
   1.3795224e-01   0.0000000e+00  -9.9043888e-01
   8.2242465e-02   1.3307110e-01  -9.8768834e-01
   2.2011703e-01   1.3279248e-01  -9.6639260e-01
   3.0125888e-01   2.6408275e-01  -9.1624418e-01
   2.3867693e-01   3.8618739e-01  -8.9100652e-01
   3.7503857e-01   3.8361373e-01  -8.4391147e-01
  -1.3795224e-01   1.6894277e-17  -9.9043888e-01
  -2.2011703e-01   1.3279248e-01  -9.6639260e-01
  -8.2242465e-02   1.3307110e-01  -9.8768834e-01
  -4.0335535e-01   4.9396784e-17  -9.1504342e-01
  -4.8444164e-01   1.3120038e-01  -8.6492934e-01
  -3.5822879e-01   1.3165537e-01  -9.2430460e-01
  -3.0125888e-01   2.6408275e-01  -9.1624418e-01
  -3.7503857e-01   3.8361373e-01  -8.4391147e-01
  -2.3867693e-01   3.8618739e-01  -8.9100652e-01
   1.5643447e-01   5.1925849e-01  -8.4017789e-01
   8.1141852e-02   6.2023958e-01  -7.8020437e-01
   2.3708633e-01   6.0682515e-01  -7.5865230e-01
  -1.5643447e-01   5.1925849e-01  -8.4017789e-01
  -2.3708633e-01   6.0682515e-01  -7.5865230e-01
  -8.1141852e-02   6.2023958e-01  -7.8020437e-01
   4.3553445e-17   7.1128173e-01  -7.0290703e-01
  -8.1086293e-02   7.8384304e-01  -6.1564202e-01
   8.1086293e-02   7.8384304e-01  -6.1564202e-01
   1.6312583e-17   2.6640470e-01  -9.6386126e-01
  -8.2323580e-02   3.9960705e-01  -9.1298249e-01
   8.2323580e-02   3.9960705e-01  -9.1298249e-01
   4.8444164e-01  -1.3120038e-01  -8.6492934e-01
   3.5822879e-01  -1.3165537e-01  -9.2430460e-01
   3.7503857e-01  -3.8361373e-01  -8.4391147e-01
   2.3867693e-01  -3.8618739e-01  -8.9100652e-01
   3.0125888e-01  -2.6408275e-01  -9.1624418e-01
   2.2011703e-01  -1.3279248e-01  -9.6639260e-01
   8.2242465e-02  -1.3307110e-01  -9.8768834e-01
   2.3708633e-01  -6.0682515e-01  -7.5865230e-01
   8.1141852e-02  -6.2023958e-01  -7.8020437e-01
   1.5643447e-01  -5.1925849e-01  -8.4017789e-01
   8.1086293e-02  -7.8384304e-01  -6.1564202e-01
  -8.1086293e-02  -7.8384304e-01  -6.1564202e-01
   4.3553445e-17  -7.1128173e-01  -7.0290703e-01
  -8.1141852e-02  -6.2023958e-01  -7.8020437e-01
  -2.3708633e-01  -6.0682515e-01  -7.5865230e-01
  -1.5643447e-01  -5.1925849e-01  -8.4017789e-01
  -8.2242465e-02  -1.3307110e-01  -9.8768834e-01
  -2.2011703e-01  -1.3279248e-01  -9.6639260e-01
  -2.3867693e-01  -3.8618739e-01  -8.9100652e-01
  -3.7503857e-01  -3.8361373e-01  -8.4391147e-01
  -3.0125888e-01  -2.6408275e-01  -9.1624418e-01
  -3.5822879e-01  -1.3165537e-01  -9.2430460e-01
  -4.8444164e-01  -1.3120038e-01  -8.6492934e-01
   8.2323580e-02  -3.9960705e-01  -9.1298249e-01
  -8.2323580e-02  -3.9960705e-01  -9.1298249e-01
   1.6312583e-17  -2.6640470e-01  -9.6386126e-01
   8.6492934e-01   4.8444164e-01   1.3120038e-01
   9.2430460e-01   3.5822879e-01   1.3165537e-01
   9.1504342e-01   4.0335535e-01   6.1232340e-17
   8.4391147e-01   3.7503857e-01   3.8361373e-01
   8.9100652e-01   2.3867693e-01   3.8618739e-01
   9.1624418e-01   3.0125888e-01   2.6408275e-01
   9.6639260e-01   2.2011703e-01   1.3279248e-01
   9.8768834e-01   8.2242465e-02   1.3307110e-01
   9.9043888e-01   1.3795224e-01   6.1232340e-17
   7.5865230e-01   2.3708633e-01   6.0682515e-01
   7.8020437e-01   8.1141852e-02   6.2023958e-01
   8.4017789e-01   1.5643447e-01   5.1925849e-01
   6.1564202e-01   8.1086293e-02   7.8384304e-01
   6.1564202e-01  -8.1086293e-02   7.8384304e-01
   7.0290703e-01   0.0000000e+00   7.1128173e-01
   7.8020437e-01  -8.1141852e-02   6.2023958e-01
   7.5865230e-01  -2.3708633e-01   6.0682515e-01
   8.4017789e-01  -1.5643447e-01   5.1925849e-01
   9.8768834e-01  -8.2242465e-02   1.3307110e-01
   9.6639260e-01  -2.2011703e-01   1.3279248e-01
   9.9043888e-01  -1.3795224e-01   6.1232340e-17
   8.9100652e-01  -2.3867693e-01   3.8618739e-01
   8.4391147e-01  -3.7503857e-01   3.8361373e-01
   9.1624418e-01  -3.0125888e-01   2.6408275e-01
   9.2430460e-01  -3.5822879e-01   1.3165537e-01
   8.6492934e-01  -4.8444164e-01   1.3120038e-01
   9.1504342e-01  -4.0335535e-01   6.1232340e-17
   9.1298249e-01   8.2323580e-02   3.9960705e-01
   9.1298249e-01  -8.2323580e-02   3.9960705e-01
   9.6386126e-01   0.0000000e+00   2.6640470e-01
   9.2430460e-01   3.5822879e-01  -1.3165537e-01
   8.6492934e-01   4.8444164e-01  -1.3120038e-01
   9.8768834e-01   8.2242465e-02  -1.3307110e-01
   9.6639260e-01   2.2011703e-01  -1.3279248e-01
   9.1624418e-01   3.0125888e-01  -2.6408275e-01
   8.9100652e-01   2.3867693e-01  -3.8618739e-01
   8.4391147e-01   3.7503857e-01  -3.8361373e-01
   9.6639260e-01  -2.2011703e-01  -1.3279248e-01
   9.8768834e-01  -8.2242465e-02  -1.3307110e-01
   8.6492934e-01  -4.8444164e-01  -1.3120038e-01
   9.2430460e-01  -3.5822879e-01  -1.3165537e-01
   9.1624418e-01  -3.0125888e-01  -2.6408275e-01
   8.4391147e-01  -3.7503857e-01  -3.8361373e-01
   8.9100652e-01  -2.3867693e-01  -3.8618739e-01
   8.4017789e-01   1.5643447e-01  -5.1925849e-01
   7.8020437e-01   8.1141852e-02  -6.2023958e-01
   7.5865230e-01   2.3708633e-01  -6.0682515e-01
   8.4017789e-01  -1.5643447e-01  -5.1925849e-01
   7.5865230e-01  -2.3708633e-01  -6.0682515e-01
   7.8020437e-01  -8.1141852e-02  -6.2023958e-01
   7.0290703e-01   0.0000000e+00  -7.1128173e-01
   6.1564202e-01  -8.1086293e-02  -7.8384304e-01
   6.1564202e-01   8.1086293e-02  -7.8384304e-01
   9.6386126e-01   0.0000000e+00  -2.6640470e-01
   9.1298249e-01  -8.2323580e-02  -3.9960705e-01
   9.1298249e-01   8.2323580e-02  -3.9960705e-01
  -8.6492934e-01  -4.8444164e-01   1.3120038e-01
  -9.2430460e-01  -3.5822879e-01   1.3165537e-01
  -9.1504342e-01  -4.0335535e-01   6.1232340e-17
  -8.4391147e-01  -3.7503857e-01   3.8361373e-01
  -8.9100652e-01  -2.3867693e-01   3.8618739e-01
  -9.1624418e-01  -3.0125888e-01   2.6408275e-01
  -9.6639260e-01  -2.2011703e-01   1.3279248e-01
  -9.8768834e-01  -8.2242465e-02   1.3307110e-01
  -9.9043888e-01  -1.3795224e-01   6.1232340e-17
  -7.5865230e-01  -2.3708633e-01   6.0682515e-01
  -7.8020437e-01  -8.1141852e-02   6.2023958e-01
  -8.4017789e-01  -1.5643447e-01   5.1925849e-01
  -6.1564202e-01  -8.1086293e-02   7.8384304e-01
  -6.1564202e-01   8.1086293e-02   7.8384304e-01
  -7.0290703e-01   8.6081284e-17   7.1128173e-01
  -7.8020437e-01   8.1141852e-02   6.2023958e-01
  -7.5865230e-01   2.3708633e-01   6.0682515e-01
  -8.4017789e-01   1.5643447e-01   5.1925849e-01
  -9.8768834e-01   8.2242465e-02   1.3307110e-01
  -9.6639260e-01   2.2011703e-01   1.3279248e-01
  -9.9043888e-01   1.3795224e-01   6.1232340e-17
  -8.9100652e-01   2.3867693e-01   3.8618739e-01
  -8.4391147e-01   3.7503857e-01   3.8361373e-01
  -9.1624418e-01   3.0125888e-01   2.6408275e-01
  -9.2430460e-01   3.5822879e-01   1.3165537e-01
  -8.6492934e-01   4.8444164e-01   1.3120038e-01
  -9.1504342e-01   4.0335535e-01   6.1232340e-17
  -9.1298249e-01  -8.2323580e-02   3.9960705e-01
  -9.1298249e-01   8.2323580e-02   3.9960705e-01
  -9.6386126e-01   1.1803896e-16   2.6640470e-01
  -9.2430460e-01  -3.5822879e-01  -1.3165537e-01
  -8.6492934e-01  -4.8444164e-01  -1.3120038e-01
  -9.8768834e-01  -8.2242465e-02  -1.3307110e-01
  -9.6639260e-01  -2.2011703e-01  -1.3279248e-01
  -9.1624418e-01  -3.0125888e-01  -2.6408275e-01
  -8.9100652e-01  -2.3867693e-01  -3.8618739e-01
  -8.4391147e-01  -3.7503857e-01  -3.8361373e-01
  -9.6639260e-01   2.2011703e-01  -1.3279248e-01
  -9.8768834e-01   8.2242465e-02  -1.3307110e-01
  -8.6492934e-01   4.8444164e-01  -1.3120038e-01
  -9.2430460e-01   3.5822879e-01  -1.3165537e-01
  -9.1624418e-01   3.0125888e-01  -2.6408275e-01
  -8.4391147e-01   3.7503857e-01  -3.8361373e-01
  -8.9100652e-01   2.3867693e-01  -3.8618739e-01
  -8.4017789e-01  -1.5643447e-01  -5.1925849e-01
  -7.8020437e-01  -8.1141852e-02  -6.2023958e-01
  -7.5865230e-01  -2.3708633e-01  -6.0682515e-01
  -8.4017789e-01   1.5643447e-01  -5.1925849e-01
  -7.5865230e-01   2.3708633e-01  -6.0682515e-01
  -7.8020437e-01   8.1141852e-02  -6.2023958e-01
  -7.0290703e-01   8.6081284e-17  -7.1128173e-01
  -6.1564202e-01   8.1086293e-02  -7.8384304e-01
  -6.1564202e-01  -8.1086293e-02  -7.8384304e-01
  -9.6386126e-01   1.1803896e-16  -2.6640470e-01
  -9.1298249e-01   8.2323580e-02  -3.9960705e-01
  -9.1298249e-01  -8.2323580e-02  -3.9960705e-01
   1.3120038e-01   8.6492934e-01   4.8444164e-01
   1.3165537e-01   9.2430460e-01   3.5822879e-01
   5.6030250e-17   9.1504342e-01   4.0335535e-01
   3.8361373e-01   8.4391147e-01   3.7503857e-01
   3.8618739e-01   8.9100652e-01   2.3867693e-01
   2.6408275e-01   9.1624418e-01   3.0125888e-01
   1.3279248e-01   9.6639260e-01   2.2011703e-01
   1.3307110e-01   9.8768834e-01   8.2242465e-02
   6.0646890e-17   9.9043888e-01   1.3795224e-01
   6.0682515e-01   7.5865230e-01   2.3708633e-01
   6.2023958e-01   7.8020437e-01   8.1141852e-02
   5.1925849e-01   8.4017789e-01   1.5643447e-01
   7.8384304e-01   6.1564202e-01   8.1086293e-02
   7.8384304e-01   6.1564202e-01  -8.1086293e-02
   7.1128173e-01   7.0290703e-01  -1.6081226e-16
   6.2023958e-01   7.8020437e-01  -8.1141852e-02
   6.0682515e-01   7.5865230e-01  -2.3708633e-01
   5.1925849e-01   8.4017789e-01  -1.5643447e-01
   1.3307110e-01   9.8768834e-01  -8.2242465e-02
   1.3279248e-01   9.6639260e-01  -2.2011703e-01
   6.0646890e-17   9.9043888e-01  -1.3795224e-01
   3.8618739e-01   8.9100652e-01  -2.3867693e-01
   3.8361373e-01   8.4391147e-01  -3.7503857e-01
   2.6408275e-01   9.1624418e-01  -3.0125888e-01
   1.3165537e-01   9.2430460e-01  -3.5822879e-01
   1.3120038e-01   8.6492934e-01  -4.8444164e-01
   5.6030250e-17   9.1504342e-01  -4.0335535e-01
   3.9960705e-01   9.1298249e-01   8.2323580e-02
   3.9960705e-01   9.1298249e-01  -8.2323580e-02
   2.6640470e-01   9.6386126e-01  -1.6081226e-16
  -1.3165537e-01   9.2430460e-01   3.5822879e-01
  -1.3120038e-01   8.6492934e-01   4.8444164e-01
  -1.3307110e-01   9.8768834e-01   8.2242465e-02
  -1.3279248e-01   9.6639260e-01   2.2011703e-01
  -2.6408275e-01   9.1624418e-01   3.0125888e-01
  -3.8618739e-01   8.9100652e-01   2.3867693e-01
  -3.8361373e-01   8.4391147e-01   3.7503857e-01
  -1.3279248e-01   9.6639260e-01  -2.2011703e-01
  -1.3307110e-01   9.8768834e-01  -8.2242465e-02
  -1.3120038e-01   8.6492934e-01  -4.8444164e-01
  -1.3165537e-01   9.2430460e-01  -3.5822879e-01
  -2.6408275e-01   9.1624418e-01  -3.0125888e-01
  -3.8361373e-01   8.4391147e-01  -3.7503857e-01
  -3.8618739e-01   8.9100652e-01  -2.3867693e-01
  -5.1925849e-01   8.4017789e-01   1.5643447e-01
  -6.2023958e-01   7.8020437e-01   8.1141852e-02
  -6.0682515e-01   7.5865230e-01   2.3708633e-01
  -5.1925849e-01   8.4017789e-01  -1.5643447e-01
  -6.0682515e-01   7.5865230e-01  -2.3708633e-01
  -6.2023958e-01   7.8020437e-01  -8.1141852e-02
  -7.1128173e-01   7.0290703e-01  -1.6081226e-16
  -7.8384304e-01   6.1564202e-01  -8.1086293e-02
  -7.8384304e-01   6.1564202e-01   8.1086293e-02
  -2.6640470e-01   9.6386126e-01  -1.6081226e-16
  -3.9960705e-01   9.1298249e-01  -8.2323580e-02
  -3.9960705e-01   9.1298249e-01   8.2323580e-02
   5.6030250e-17  -9.1504342e-01   4.0335535e-01
   1.3165537e-01  -9.2430460e-01   3.5822879e-01
   1.3120038e-01  -8.6492934e-01   4.8444164e-01
   6.0646890e-17  -9.9043888e-01   1.3795224e-01
   1.3307110e-01  -9.8768834e-01   8.2242465e-02
   1.3279248e-01  -9.6639260e-01   2.2011703e-01
   2.6408275e-01  -9.1624418e-01   3.0125888e-01
   3.8618739e-01  -8.9100652e-01   2.3867693e-01
   3.8361373e-01  -8.4391147e-01   3.7503857e-01
   6.0646890e-17  -9.9043888e-01  -1.3795224e-01
   1.3279248e-01  -9.6639260e-01  -2.2011703e-01
   1.3307110e-01  -9.8768834e-01  -8.2242465e-02
   5.6030250e-17  -9.1504342e-01  -4.0335535e-01
   1.3120038e-01  -8.6492934e-01  -4.8444164e-01
   1.3165537e-01  -9.2430460e-01  -3.5822879e-01
   2.6408275e-01  -9.1624418e-01  -3.0125888e-01
   3.8361373e-01  -8.4391147e-01  -3.7503857e-01
   3.8618739e-01  -8.9100652e-01  -2.3867693e-01
   5.1925849e-01  -8.4017789e-01   1.5643447e-01
   6.2023958e-01  -7.8020437e-01   8.1141852e-02
   6.0682515e-01  -7.5865230e-01   2.3708633e-01
   5.1925849e-01  -8.4017789e-01  -1.5643447e-01
   6.0682515e-01  -7.5865230e-01  -2.3708633e-01
   6.2023958e-01  -7.8020437e-01  -8.1141852e-02
   7.1128173e-01  -7.0290703e-01  -1.6081226e-16
   7.8384304e-01  -6.1564202e-01  -8.1086293e-02
   7.8384304e-01  -6.1564202e-01   8.1086293e-02
   2.6640470e-01  -9.6386126e-01  -1.6081226e-16
   3.9960705e-01  -9.1298249e-01  -8.2323580e-02
   3.9960705e-01  -9.1298249e-01   8.2323580e-02
  -1.3120038e-01  -8.6492934e-01   4.8444164e-01
  -1.3165537e-01  -9.2430460e-01   3.5822879e-01
  -3.8361373e-01  -8.4391147e-01   3.7503857e-01
  -3.8618739e-01  -8.9100652e-01   2.3867693e-01
  -2.6408275e-01  -9.1624418e-01   3.0125888e-01
  -1.3279248e-01  -9.6639260e-01   2.2011703e-01
  -1.3307110e-01  -9.8768834e-01   8.2242465e-02
  -6.0682515e-01  -7.5865230e-01   2.3708633e-01
  -6.2023958e-01  -7.8020437e-01   8.1141852e-02
  -5.1925849e-01  -8.4017789e-01   1.5643447e-01
  -7.8384304e-01  -6.1564202e-01   8.1086293e-02
  -7.8384304e-01  -6.1564202e-01  -8.1086293e-02
  -7.1128173e-01  -7.0290703e-01  -1.6081226e-16
  -6.2023958e-01  -7.8020437e-01  -8.1141852e-02
  -6.0682515e-01  -7.5865230e-01  -2.3708633e-01
  -5.1925849e-01  -8.4017789e-01  -1.5643447e-01
  -1.3307110e-01  -9.8768834e-01  -8.2242465e-02
  -1.3279248e-01  -9.6639260e-01  -2.2011703e-01
  -3.8618739e-01  -8.9100652e-01  -2.3867693e-01
  -3.8361373e-01  -8.4391147e-01  -3.7503857e-01
  -2.6408275e-01  -9.1624418e-01  -3.0125888e-01
  -1.3165537e-01  -9.2430460e-01  -3.5822879e-01
  -1.3120038e-01  -8.6492934e-01  -4.8444164e-01
  -3.9960705e-01  -9.1298249e-01   8.2323580e-02
  -3.9960705e-01  -9.1298249e-01  -8.2323580e-02
  -2.6640470e-01  -9.6386126e-01  -1.6081226e-16
   2.1302287e-01   7.9264923e-01   5.7125166e-01
   3.7174803e-01   6.0150096e-01   7.0710678e-01
   2.9600459e-01   7.0230985e-01   6.4741189e-01
   3.4615301e-01   7.8345170e-01   5.1612162e-01
   4.6842985e-01   7.5793542e-01   4.5399050e-01
   5.1612162e-01   3.4615301e-01   7.8345170e-01
   4.5399050e-01   4.6842985e-01   7.5793542e-01
   5.7125166e-01   2.1302287e-01   7.9264923e-01
   6.4741189e-01   2.9600459e-01   7.0230985e-01
   7.0710678e-01   3.7174803e-01   6.0150096e-01
   6.0150096e-01   7.0710678e-01   3.7174803e-01
   7.0230985e-01   6.4741189e-01   2.9600459e-01
   7.5793542e-01   4.5399050e-01   4.6842985e-01
   7.8345170e-01   5.1612162e-01   3.4615301e-01
   7.9264923e-01   5.7125166e-01   2.1302287e-01
   5.1337544e-01   5.6425421e-01   6.4657779e-01
   6.4657779e-01   5.1337544e-01   5.6425421e-01
   5.6425421e-01   6.4657779e-01   5.1337544e-01
   2.1302287e-01   7.9264923e-01  -5.7125166e-01
   4.6842985e-01   7.5793542e-01  -4.5399050e-01
   3.4615301e-01   7.8345170e-01  -5.1612162e-01
   2.9600459e-01   7.0230985e-01  -6.4741189e-01
   3.7174803e-01   6.0150096e-01  -7.0710678e-01
   7.0230985e-01   6.4741189e-01  -2.9600459e-01
   6.0150096e-01   7.0710678e-01  -3.7174803e-01
   7.9264923e-01   5.7125166e-01  -2.1302287e-01
   7.8345170e-01   5.1612162e-01  -3.4615301e-01
   7.5793542e-01   4.5399050e-01  -4.6842985e-01
   4.5399050e-01   4.6842985e-01  -7.5793542e-01
   5.1612162e-01   3.4615301e-01  -7.8345170e-01
   7.0710678e-01   3.7174803e-01  -6.0150096e-01
   6.4741189e-01   2.9600459e-01  -7.0230985e-01
   5.7125166e-01   2.1302287e-01  -7.9264923e-01
   5.6425421e-01   6.4657779e-01  -5.1337544e-01
   6.4657779e-01   5.1337544e-01  -5.6425421e-01
   5.1337544e-01   5.6425421e-01  -6.4657779e-01
   5.7125166e-01  -2.1302287e-01   7.9264923e-01
   4.5399050e-01  -4.6842985e-01   7.5793542e-01
   5.1612162e-01  -3.4615301e-01   7.8345170e-01
   6.4741189e-01  -2.9600459e-01   7.0230985e-01
   7.0710678e-01  -3.7174803e-01   6.0150096e-01
   2.9600459e-01  -7.0230985e-01   6.4741189e-01
   3.7174803e-01  -6.0150096e-01   7.0710678e-01
   2.1302287e-01  -7.9264923e-01   5.7125166e-01
   3.4615301e-01  -7.8345170e-01   5.1612162e-01
   4.6842985e-01  -7.5793542e-01   4.5399050e-01
   7.5793542e-01  -4.5399050e-01   4.6842985e-01
   7.8345170e-01  -5.1612162e-01   3.4615301e-01
   6.0150096e-01  -7.0710678e-01   3.7174803e-01
   7.0230985e-01  -6.4741189e-01   2.9600459e-01
   7.9264923e-01  -5.7125166e-01   2.1302287e-01
   5.1337544e-01  -5.6425421e-01   6.4657779e-01
   5.6425421e-01  -6.4657779e-01   5.1337544e-01
   6.4657779e-01  -5.1337544e-01   5.6425421e-01
   5.7125166e-01  -2.1302287e-01  -7.9264923e-01
   7.0710678e-01  -3.7174803e-01  -6.0150096e-01
   6.4741189e-01  -2.9600459e-01  -7.0230985e-01
   5.1612162e-01  -3.4615301e-01  -7.8345170e-01
   4.5399050e-01  -4.6842985e-01  -7.5793542e-01
   7.8345170e-01  -5.1612162e-01  -3.4615301e-01
   7.5793542e-01  -4.5399050e-01  -4.6842985e-01
   7.9264923e-01  -5.7125166e-01  -2.1302287e-01
   7.0230985e-01  -6.4741189e-01  -2.9600459e-01
   6.0150096e-01  -7.0710678e-01  -3.7174803e-01
   3.7174803e-01  -6.0150096e-01  -7.0710678e-01
   2.9600459e-01  -7.0230985e-01  -6.4741189e-01
   4.6842985e-01  -7.5793542e-01  -4.5399050e-01
   3.4615301e-01  -7.8345170e-01  -5.1612162e-01
   2.1302287e-01  -7.9264923e-01  -5.7125166e-01
   6.4657779e-01  -5.1337544e-01  -5.6425421e-01
   5.6425421e-01  -6.4657779e-01  -5.1337544e-01
   5.1337544e-01  -5.6425421e-01  -6.4657779e-01
  -5.7125166e-01   2.1302287e-01   7.9264923e-01
  -4.5399050e-01   4.6842985e-01   7.5793542e-01
  -5.1612162e-01   3.4615301e-01   7.8345170e-01
  -6.4741189e-01   2.9600459e-01   7.0230985e-01
  -7.0710678e-01   3.7174803e-01   6.0150096e-01
  -2.9600459e-01   7.0230985e-01   6.4741189e-01
  -3.7174803e-01   6.0150096e-01   7.0710678e-01
  -2.1302287e-01   7.9264923e-01   5.7125166e-01
  -3.4615301e-01   7.8345170e-01   5.1612162e-01
  -4.6842985e-01   7.5793542e-01   4.5399050e-01
  -7.5793542e-01   4.5399050e-01   4.6842985e-01
  -7.8345170e-01   5.1612162e-01   3.4615301e-01
  -6.0150096e-01   7.0710678e-01   3.7174803e-01
  -7.0230985e-01   6.4741189e-01   2.9600459e-01
  -7.9264923e-01   5.7125166e-01   2.1302287e-01
  -5.1337544e-01   5.6425421e-01   6.4657779e-01
  -5.6425421e-01   6.4657779e-01   5.1337544e-01
  -6.4657779e-01   5.1337544e-01   5.6425421e-01
  -5.7125166e-01   2.1302287e-01  -7.9264923e-01
  -7.0710678e-01   3.7174803e-01  -6.0150096e-01
  -6.4741189e-01   2.9600459e-01  -7.0230985e-01
  -5.1612162e-01   3.4615301e-01  -7.8345170e-01
  -4.5399050e-01   4.6842985e-01  -7.5793542e-01
  -7.8345170e-01   5.1612162e-01  -3.4615301e-01
  -7.5793542e-01   4.5399050e-01  -4.6842985e-01
  -7.9264923e-01   5.7125166e-01  -2.1302287e-01
  -7.0230985e-01   6.4741189e-01  -2.9600459e-01
  -6.0150096e-01   7.0710678e-01  -3.7174803e-01
  -3.7174803e-01   6.0150096e-01  -7.0710678e-01
  -2.9600459e-01   7.0230985e-01  -6.4741189e-01
  -4.6842985e-01   7.5793542e-01  -4.5399050e-01
  -3.4615301e-01   7.8345170e-01  -5.1612162e-01
  -2.1302287e-01   7.9264923e-01  -5.7125166e-01
  -6.4657779e-01   5.1337544e-01  -5.6425421e-01
  -5.6425421e-01   6.4657779e-01  -5.1337544e-01
  -5.1337544e-01   5.6425421e-01  -6.4657779e-01
  -5.7125166e-01  -2.1302287e-01   7.9264923e-01
  -7.0710678e-01  -3.7174803e-01   6.0150096e-01
  -6.4741189e-01  -2.9600459e-01   7.0230985e-01
  -5.1612162e-01  -3.4615301e-01   7.8345170e-01
  -4.5399050e-01  -4.6842985e-01   7.5793542e-01
  -7.8345170e-01  -5.1612162e-01   3.4615301e-01
  -7.5793542e-01  -4.5399050e-01   4.6842985e-01
  -7.9264923e-01  -5.7125166e-01   2.1302287e-01
  -7.0230985e-01  -6.4741189e-01   2.9600459e-01
  -6.0150096e-01  -7.0710678e-01   3.7174803e-01
  -3.7174803e-01  -6.0150096e-01   7.0710678e-01
  -2.9600459e-01  -7.0230985e-01   6.4741189e-01
  -4.6842985e-01  -7.5793542e-01   4.5399050e-01
  -3.4615301e-01  -7.8345170e-01   5.1612162e-01
  -2.1302287e-01  -7.9264923e-01   5.7125166e-01
  -6.4657779e-01  -5.1337544e-01   5.6425421e-01
  -5.6425421e-01  -6.4657779e-01   5.1337544e-01
  -5.1337544e-01  -5.6425421e-01   6.4657779e-01
  -5.7125166e-01  -2.1302287e-01  -7.9264923e-01
  -4.5399050e-01  -4.6842985e-01  -7.5793542e-01
  -5.1612162e-01  -3.4615301e-01  -7.8345170e-01
  -6.4741189e-01  -2.9600459e-01  -7.0230985e-01
  -7.0710678e-01  -3.7174803e-01  -6.0150096e-01
  -2.9600459e-01  -7.0230985e-01  -6.4741189e-01
  -3.7174803e-01  -6.0150096e-01  -7.0710678e-01
  -2.1302287e-01  -7.9264923e-01  -5.7125166e-01
  -3.4615301e-01  -7.8345170e-01  -5.1612162e-01
  -4.6842985e-01  -7.5793542e-01  -4.5399050e-01
  -7.5793542e-01  -4.5399050e-01  -4.6842985e-01
  -7.8345170e-01  -5.1612162e-01  -3.4615301e-01
  -6.0150096e-01  -7.0710678e-01  -3.7174803e-01
  -7.0230985e-01  -6.4741189e-01  -2.9600459e-01
  -7.9264923e-01  -5.7125166e-01  -2.1302287e-01
  -5.1337544e-01  -5.6425421e-01  -6.4657779e-01
  -5.6425421e-01  -6.4657779e-01  -5.1337544e-01
  -6.4657779e-01  -5.1337544e-01  -5.6425421e-01
