0.941185  -0.108014  -0.320159
0.780122  0.183596  -0.598081
-0.368961  -0.401319  0.838337
-0.982816  0.170760  0.070084
0.016505  0.935885  0.351916
-0.772525  -0.620065  0.136836
0.081974  -0.432818  0.897746
-0.358942  0.285800  -0.888525
0.230896  0.968998  -0.087912
-0.194746  -0.177448  -0.964668
0.618311  0.772258  -0.145973
-0.023547  0.380965  0.924289
-0.919999  -0.191619  0.341882
-0.937116  0.053020  -0.344966
0.496434  -0.403189  0.768759
-0.800265  -0.317385  -0.508764
0.467483  0.115087  -0.876478
-0.096044  0.615721  -0.782088
-0.149433  -0.727217  0.669943
-0.205643  -0.035082  0.977998
0.047569  0.183493  -0.981869
0.091392  -0.839328  -0.535886
0.020079  -0.991025  -0.132153
-0.045013  -0.564716  -0.824056
0.710333  -0.703700  0.015263
-0.411726  -0.911000  -0.023659
-0.802028  0.575958  0.158184
-0.846195  0.215226  0.487473
0.275329  -0.760445  0.588146
0.660312  -0.619508  0.424495
-0.220855  0.703311  0.675704
0.441686  -0.850085  -0.286821
-0.460733  -0.525520  -0.715229
-0.690601  -0.663305  -0.288264
0.902068  0.370740  -0.220959
-0.683596  -0.470265  0.558163
0.619066  0.559109  0.551501
0.254129  -0.258569  -0.931965
-0.615674  0.561033  0.553340
0.935518  -0.349851  0.049081
-0.054072  -0.953828  0.295444
-0.505912  0.638049  -0.580470
0.628594  0.576123  -0.522446
0.992288  0.082666  0.092355
-0.952075  -0.295373  -0.079423
0.259232  0.829217  -0.495173
-0.462072  -0.795726  0.391546
-0.564667  0.808533  -0.165603
0.636870  -0.002465  0.770967
0.229399  -0.036476  0.972648
0.313959  0.507177  -0.802621
0.214573  0.711925  0.668670
-0.186051  0.981995  -0.032717
0.822531  0.544697  0.163546
-0.320219  -0.834373  -0.448642
0.765443  -0.520818  -0.377948
-0.581868  -0.103392  -0.806684
0.362034  -0.916093  0.172348
0.453357  0.848254  0.273734
0.423488  -0.595751  -0.682450
0.674389  -0.240053  -0.698264
-0.441687  0.850085  0.286821
-0.655319  -0.066894  0.752383
-0.449717  0.302106  0.840526
0.855267  0.211527  0.473047
-0.165580  0.882118  -0.440965
0.856821  -0.236803  0.458018
-0.834890  0.481956  -0.265850
0.402055  0.346473  0.847530
-0.720105  0.265656  -0.640995
