-9.146819637620723364e-02 9.956908125386382258e-01 1.527661211885026314e-02
-3.198756067456075963e-02 -9.984813069789592044e-01 4.485393601102168060e-02
6.579076954541272088e-03 9.943520794715734468e-01 1.059276063969354365e-01
8.391069736172131199e-02 -9.882641100747716623e-01 1.276442071007894141e-01
1.324268634920651166e-01 9.900003148482027227e-01 4.860558019521464546e-02
-1.410898833766815463e-01 9.808852692490962477e-01 1.340064676755650108e-01
-3.755058548890043840e-02 -9.809635627194921437e-01 1.905267491616908782e-01
1.047529305753025081e-01 9.747400330694001580e-01 1.972528617479361868e-01
2.019517322618084310e-01 -9.783025475844591146e-01 4.625606150778469039e-02
-1.514219280838121906e-01 -9.829084840010156032e-01 1.047010590882737069e-01
-3.465393011030240555e-02 9.712642134692635043e-01 2.354674770787747173e-01
8.813835151526491773e-02 -9.607920290191643842e-01 2.628883945049853565e-01
2.300247013848132627e-01 9.628728653107397895e-01 1.412957253462163998e-01
-2.777259177691080438e-01 9.589657164787384058e-01 5.703568372279443216e-02
-1.571433589058367220e-01 -9.553214605388258285e-01 2.503335210988651971e-01
7.004655765675515955e-02 9.411950893280270902e-01 3.305227429168011710e-01
2.106263329545965679e-01 -9.600655625608719435e-01 1.841484820756772167e-01
-2.520970807929135415e-01 -9.676381172281030008e-01 1.111467241727789532e-02
-2.585885152148505450e-01 9.476063411564231709e-01 1.875478658879262128e-01
-3.550405435421273570e-02 -9.442096035607907556e-01 3.274258491139443450e-01
2.030087484352266769e-01 9.362793581526568376e-01 2.866503297678406059e-01
3.238116357564864711e-01 -9.421311581485988240e-01 8.680383283178420839e-02
-2.682000283210227987e-01 -9.494626862286589253e-01 1.630624183190653165e-01
-1.639375662566155689e-01 9.467825058935234184e-01 2.769970413268666443e-01
2.148754496619644239e-01 -9.240986696078081764e-01 3.160224516733703415e-01
3.484389032147571785e-01 9.337547127303830186e-01 8.180750075816319022e-02
-3.819532420079649881e-01 9.109514101360008942e-01 1.558180005353573538e-01
-1.575507658343486272e-01 -9.090630044648961849e-01 3.857229706645257106e-01
1.686432858546055291e-01 8.920241024494073301e-01 4.193476395372833232e-01
3.340131290083357407e-01 -9.154385479686086846e-01 2.245161342602937371e-01
-3.676542263569069213e-01 -9.273288753193380529e-01 6.993945124803238600e-02
-1.973415476353380937e-01 8.975684540580143311e-01 3.942425444530254230e-01
9.041679528488921758e-02 -9.153096158380048530e-01 3.924705215489365240e-01
3.262598624754300958e-01 9.167493185327678651e-01 2.304890216631133026e-01
-4.084315180902305387e-01 9.125924839259377253e-01 1.893814437575257192e-02
-2.754701011872271454e-01 -9.116230909904264879e-01 3.050566559263368505e-01
3.568043852065048982e-02 8.862278874026893183e-01 4.618734002914007264e-01
3.374342914387558068e-01 -8.716058568014584118e-01 3.555858958825847682e-01
4.615425914158698406e-01 8.868357288437834773e-01 2.237915001153779199e-02
-3.210978450941862072e-01 8.999995983500120866e-01 2.947827960476780973e-01
-3.428397016240763984e-02 -8.891511713032254072e-01 4.563275183023762227e-01
3.000030191241153110e-01 8.793794492814432928e-01 3.697160703808819449e-01
4.410848301073380662e-01 -8.888785230035958218e-01 1.238512979024711108e-01
-3.834752751415652638e-01 -8.978023852847319963e-01 2.165585147994565918e-01
-6.038394714819913384e-02 9.268630223587061012e-01 3.705114258843958952e-01
2.157971487617963147e-01 -8.707572527000118079e-01 4.418296022864549033e-01
4.424476686627774602e-01 8.803746648846132450e-01 1.708230368661613763e-01
-4.992054711386609278e-01 8.579626049548838562e-01 1.212190830036984635e-01
-2.783002094752961564e-01 -8.562471741834913885e-01 4.351893497189379678e-01
1.302751406283053359e-01 8.287600759306714693e-01 5.442289263514600295e-01
4.508951973324989426e-01 -8.537186018754808758e-01 2.604958153872360960e-01
-4.805160110660635087e-01 -8.681269582291855080e-01 1.243380372408247614e-01
-3.197289784991926287e-01 8.517619602219901331e-01 4.150601684414631509e-01
9.086799834241286733e-02 -8.523124471781323708e-01 5.150791194199845213e-01
4.231245813625295615e-01 8.510262988958847696e-01 3.109981145189730789e-01
5.268796593805810113e-01 -8.497194536221616135e-01 1.935651484793173352e-02
-3.933363425719094697e-01 -8.498645860705119626e-01 3.507373760455974598e-01
-1.012157265831852004e-01 8.642666576231702313e-01 4.927458992352059530e-01
3.365649616656047893e-01 -8.106447727418759630e-01 4.791441108949396899e-01
5.518807192267529693e-01 8.265434020271421600e-01 1.106963247409772783e-01
-4.508246294534815624e-01 8.533071514214212172e-01 2.619619415319535682e-01
-1.570257159245069811e-01 -8.450417264167979781e-01 5.111236691378259200e-01
2.645881712769250771e-01 8.261622090331353085e-01 4.974425635043935867e-01
5.514957785769447618e-01 -8.184903541551264983e-01 1.610153606548930250e-01
-4.983359262396665490e-01 -8.267415209218541561e-01 2.610742465328070305e-01
-2.324616973424020738e-01 8.234708605967533401e-01 5.175493223034224322e-01
2.141244133408981010e-01 -8.002356936842833779e-01 5.601549519240636155e-01
5.387737342961692599e-01 8.049088849688963432e-01 2.486856452043195997e-01
-6.077510365833591610e-01 7.897563876166611152e-01 8.320772650742583321e-02
-3.964349807609870435e-01 -7.863300085799130867e-01 4.738400823439800624e-01
-6.733648430625243861e-03 8.144110756611221413e-01 5.802493066082085038e-01
4.534087828643690310e-01 -8.018890190286809272e-01 3.890944317035021638e-01
-5.709365673108233175e-01 -8.203387880268701027e-01 3.279800246874169101e-02
-4.401501301968798741e-01 8.105458488489736268e-01 3.863719578351495487e-01
-3.283558719960123079e-02 -8.165757625564452615e-01 5.763036076744768588e-01
3.949312457348151395e-01 8.050990163127089705e-01 4.425436532983559879e-01
6.340595885386379749e-01 -7.709567471855417464e-01 5.995108131887080111e-02
-5.075628198099365607e-01 -7.692527564737106083e-01 3.881110415901405930e-01
-1.406341384424295848e-01 7.812226350516159323e-01 6.082049272963556685e-01
3.315546815793366520e-01 -7.329940645774267738e-01 5.939622836654595561e-01
6.466653149299423919e-01 7.405097822396057294e-01 1.829459834869577028e-01
-5.676031202381996987e-01 7.915154134557061960e-01 2.265613562766217448e-01
-2.768494162599664521e-01 -7.846279762582358819e-01 5.547191537971454256e-01
2.225004518204942161e-01 7.563003159359918959e-01 6.152262844310172341e-01
5.603851519651285029e-01 -7.739660096727941641e-01 2.948645406422957804e-01
-5.926259267032893963e-01 -7.880412928721779453e-01 1.666896269340525372e-01
-3.723202108166689395e-01 7.730161048885108022e-01 5.136377733387860189e-01
9.109965714459970776e-02 -7.717508748177336342e-01 6.293659028627139884e-01
5.169259191804929099e-01 7.668650263476525231e-01 3.804019261836310006e-01
-7.058034993649384692e-01 7.071277377281673937e-01 4.256504222541614146e-02
-5.087029657451147546e-01 -6.968936601374055018e-01 5.055299388784159076e-01
-4.632148994985267609e-02 7.229001677841270235e-01 6.893980468397822303e-01
4.507199912778606099e-01 -7.339886854025421403e-01 5.080473394906555029e-01
6.561074176310847106e-01 7.527231311834962080e-01 5.413819641235186053e-02
-5.535944547999799292e-01 7.535742448970473850e-01 3.544841844745093007e-01
-1.525958194867243212e-01 -7.643614590291092359e-01 6.264711292837575884e-01
3.574527493987182392e-01 7.449243229570644553e-01 5.633074515877242172e-01
6.531302800393433694e-01 -7.301735644614412157e-01 2.006673941062736000e-01
-6.080501634401008770e-01 -7.371896038138709972e-01 2.946633448008328382e-01
-2.837115173909753874e-01 7.367167556235844073e-01 6.138046895252349255e-01
2.101467151744309536e-01 -7.119637577117908789e-01 6.700343019624465102e-01
6.293039726707577719e-01 7.108514410860893307e-01 3.141126210241035333e-01
-6.717598185357552820e-01 7.166272082846643077e-01 1.875744933271509263e-01
-3.935795218854208355e-01 -7.084275948783874677e-01 5.858545064837060723e-01
8.535993002084665826e-02 7.486700994913180196e-01 6.574243412549433119e-01
5.628488745973388996e-01 -7.136005901378493776e-01 4.171035148730136699e-01
-6.809447866430478058e-01 -7.288622246620382050e-01 7.123240136594265193e-02
-4.974326774697032660e-01 7.204366783102791327e-01 4.832512016855969872e-01
-2.677739121766264246e-02 -7.264813410537646066e-01 6.866642792662946970e-01
4.865275167236277065e-01 7.142163915503507710e-01 5.031758355799056392e-01
7.293161635886662442e-01 -6.767055690984623562e-01 1.008340531736973411e-01
-6.135016746023814749e-01 -6.715712152611593710e-01 4.154609465313475747e-01
-1.894719583365978843e-01 6.881677637559736604e-01 7.003752607932385299e-01
4.411554085874704878e-01 -6.511629400215350749e-01 6.175505898438868879e-01
7.291649638970389979e-01 6.464277269983215168e-01 2.246099935283673854e-01
-6.582851178701575323e-01 6.826709011023474050e-01 3.172083611426120275e-01
-2.700423930937480010e-01 -6.982551051728219660e-01 6.629607183176789986e-01
3.113349367254354405e-01 6.705888291261270506e-01 6.733358593045666307e-01
6.623853047345793499e-01 -6.730358473468780467e-01 3.290417241897271028e-01
-6.970398821671327516e-01 -6.903405970311500273e-01 1.938176017783343474e-01
-4.218590599637213057e-01 6.798554089077668561e-01 5.998596139976241082e-01
9.579158259143154275e-02 -6.713822432898378656e-01 7.348944523533524897e-01
6.048077957503654734e-01 6.647734192326919533e-01 4.385018030536019240e-01
-7.630493266564829513e-01 6.295580875063888637e-01 1.463295579996946594e-01
-5.039244293532518792e-01 -6.104614131464336513e-01 6.110622166033986558e-01
4.506897981985893281e-02 6.448657893928300133e-01 7.629658581671655559e-01
5.572238443302465205e-01 -6.400387638827715886e-01 5.290103666632960389e-01
7.471921754516768210e-01 6.604892801710881001e-01 7.387667915430604082e-02
-6.118483027327170642e-01 6.528319354211563619e-01 4.466006253212825294e-01
-1.426541435685958759e-01 -6.683037378411059715e-01 7.300821250450642008e-01
4.462952943380306681e-01 6.493480267971546427e-01 6.157659054757516071e-01
7.469924063561772520e-01 -6.234881612850132759e-01 2.307918057116434829e-01
-7.062453184033263831e-01 -6.317417873435605680e-01 3.195619882860720185e-01
-3.307105234125631843e-01 6.371095597066276373e-01 6.962197631743984871e-01
3.199504895770066137e-01 -6.385277252187050445e-01 6.999385889822475892e-01
7.112694842998615874e-01 6.048601943961029459e-01 3.581059423395787644e-01
-7.521826360848723469e-01 5.982364079721389505e-01 2.762869561687718578e-01
-3.849761733461324331e-01 -6.180820769338949416e-01 6.853961570718437590e-01
1.728245000591621394e-01 6.702689269838818520e-01 7.217141107801456901e-01
6.610989844118144720e-01 -6.015371540159413222e-01 4.484430679005632636e-01
-7.714965878550664735e-01 -6.340172658813808537e-01 5.305771849870637852e-02
-5.468546731163238528e-01 6.167261284570560997e-01 5.662144902501254906e-01
-1.727826206309954551e-02 -6.191195388090161567e-01 7.851066541082108996e-01
5.696054722976542362e-01 6.062280570133040669e-01 5.550109447735606105e-01
-7.922992160967904374e-01 6.101325097845925471e-01 5.221842257186730006e-04
-6.131001349895590646e-01 -5.913578020798787582e-01 5.238360186117783091e-01
-9.331178128729450405e-02 6.237139391830567314e-01 7.760630345157191190e-01
5.445615822508165227e-01 -5.544113747777676959e-01 6.293494344587217126e-01
8.084077069264817839e-01 5.714831268998546987e-01 1.410106912635778753e-01
-7.138974776433005820e-01 5.709746084272844246e-01 4.053867140716903572e-01
-2.567869273125886198e-01 -5.987901809566512634e-01 7.586242766688001682e-01
3.973790783997922516e-01 5.727690690240658800e-01 7.169556901367313273e-01
7.506436540984731121e-01 -5.574478674159322189e-01 3.546631918808617057e-01
-7.808196211464178971e-01 -5.902912783481959469e-01 2.046385250602075212e-01
-3.746864054037710168e-01 5.263876596312392353e-01 7.632339938665911871e-01
2.084606385178940646e-01 -6.003251951097171579e-01 7.721099807055934461e-01
6.812473847250154479e-01 5.511928657496494299e-01 4.817555661868533345e-01
-8.342856296841515418e-01 5.018433855332060656e-01 2.282995937339548365e-01
-4.898679245489417355e-01 -5.119867878693298291e-01 7.056195473095669968e-01
1.340570244635156116e-01 5.543577182727623676e-01 8.214111238493212452e-01
6.507281751106034351e-01 -5.161317591021640228e-01 5.569208645430063775e-01
8.534590647998030466e-01 5.202104063454205951e-01 3.144452004686772856e-02
-6.577387022856510113e-01 5.383915274565928000e-01 5.267963199174273692e-01
-1.288618925250503144e-01 -5.566931207639282952e-01 8.206627699298785217e-01
5.243266780259341342e-01 5.355358640214890054e-01 6.620293596639393874e-01
8.173579120659216768e-01 -5.619819379866014541e-01 1.268950155051828121e-01
-7.106828111860820085e-01 -5.552323705231941853e-01 4.320265693309173760e-01
-2.332882097026072743e-01 5.825406984009029454e-01 7.786032018431086055e-01
4.232050318114747300e-01 -5.544707280878263811e-01 7.165610321132488414e-01
8.009416806429898728e-01 5.324060016822499408e-01 2.739274969430832152e-01
-8.034934375204980661e-01 4.769906347460539098e-01 3.561997055389715117e-01
-3.683641997219045949e-01 -5.174582651002173073e-01 7.723631012954425001e-01
2.570118369016937687e-01 5.820246282274875727e-01 7.714870367213386704e-01
7.445694289581079595e-01 -4.765683158759270177e-01 4.674387722089168307e-01
-8.389874315392042980e-01 -5.352981514775803085e-01 9.775468655739465162e-02
-4.667207963163925721e-01 5.737494720096366629e-01 6.730402971995477213e-01
9.614098179242973330e-02 -5.507235492610076388e-01 8.291323681471771678e-01
6.390155594990114540e-01 4.859341635375840629e-01 5.962609356860416598e-01
-8.413450705502015792e-01 5.309270759598405665e-01 1.012665407408097074e-01
-6.033698600156395253e-01 -5.000159746186955134e-01 6.212317097112989295e-01
-4.792418780370366962e-03 5.349591247579782438e-01 8.448643486148598170e-01
5.210089526546479721e-01 -4.604287445807299095e-01 7.187176374749124630e-01
8.734507096463329789e-01 4.569588754763951877e-01 1.681441165835595719e-01
-7.555423279189708019e-01 4.475402892706216718e-01 4.783967811371127588e-01
-2.383420765903701555e-01 -4.855421109999459306e-01 8.410956622003863403e-01
4.681569412868172853e-01 4.539433627438271834e-01 7.581322455520524972e-01
8.264902080311274934e-01 -5.030379633818840013e-01 2.527187041460721151e-01
-7.926672819367021061e-01 -5.157419772404340241e-01 3.250981283538993960e-01
-2.773379042458784527e-01 4.684440396308805488e-01 8.388348279624576742e-01
3.163359162996225993e-01 -5.182067950495273800e-01 7.946026086185316029e-01
7.782901861503210839e-01 4.842342974877721917e-01 3.997268208146938506e-01
-8.818949434744280946e-01 3.826999278553007700e-01 2.753217642936766629e-01
-4.618172235960010252e-01 -4.015311701233946207e-01 7.908840442248273872e-01
2.264475040202254263e-01 4.547506299380885686e-01 8.613497503882622253e-01
7.215035256147560583e-01 -3.858247263583780007e-01 5.749538616758389509e-01
-9.035487107866130296e-01 -4.218506903973461286e-01 7.511139891608968611e-02
-5.857780847385622991e-01 4.996972789029793804e-01 6.380961251229941844e-01
-1.652392663205171780e-02 -4.908648735317238110e-01 8.710790066241657081e-01
5.846633658047977189e-01 4.083110776332854464e-01 7.010355287485439124e-01
8.726502007462534349e-01 -4.880407996516666902e-01 1.725702792734916738e-02
-7.050782978566413339e-01 -4.668603991241321860e-01 5.337658303237828861e-01
-1.321809309386985654e-01 5.112077545835962411e-01 8.492319077553414086e-01
4.228177484907409411e-01 -4.266695895784754500e-01 7.994862180739301660e-01
8.607162398326786423e-01 4.105210221016044048e-01 3.010648516531763130e-01
-8.425813412993000684e-01 3.519052631439311130e-01 4.077000969657391116e-01
-3.453006899294799870e-01 -4.056477666119989722e-01 8.462962383095663510e-01
3.392472484390509635e-01 4.852506874059043795e-01 8.058803104671500295e-01
8.262674453207731196e-01 -4.282165074012556083e-01 3.659408853792555094e-01
-8.588080204222298120e-01 -4.657017692064798764e-01 2.134728231330763615e-01
-4.030165096048640150e-01 4.009363877386527553e-01 8.226953907571096236e-01
2.063296102681810296e-01 -4.717436402376198323e-01 8.572549386395739157e-01
7.415055377787349578e-01 4.257320981909357149e-01 5.185766269447675825e-01
-9.007029577016290034e-01 4.145220773787461899e-01 1.300216495555506502e-01
-5.808308475065889764e-01 -4.001835766678220607e-01 7.088643252062604150e-01
7.468656774713386404e-02 4.447523031742778299e-01 8.925342040612942451e-01
6.283827864953870357e-01 -4.170549069206083148e-01 6.566584182432565475e-01
9.186479710038938373e-01 3.909012862068076966e-01 5.728952620062780637e-02
-6.915563962548595400e-01 4.130150488632120531e-01 5.925945664714706851e-01
-1.291604528170459676e-01 -4.218578832056089634e-01 8.974149005924619837e-01
5.089468719629288707e-01 3.260123293411085199e-01 7.966737366304569301e-01
8.871580772928248093e-01 -4.369627632875858203e-01 1.483714574780992945e-01
-7.925998759031913643e-01 -4.293400185741608754e-01 4.329579484996030070e-01
-1.740647650332675933e-01 4.000958104281698291e-01 8.997915314403327480e-01
3.169384742557647128e-01 -3.847564900049583181e-01 8.668981756443442377e-01
8.309698440351448445e-01 3.570793087877621730e-01 4.265952244691225137e-01
-9.085427524816220846e-01 2.497311830839511471e-01 3.349394021440418867e-01
-3.792172587688110719e-01 -2.849733894271128665e-01 8.803320043996422095e-01
2.894956601717996181e-01 3.101854127406742934e-01 9.055259645446901429e-01
8.107695302286701544e-01 -3.457687460076522834e-01 4.723311795097557830e-01
-9.190790295417556877e-01 -3.438581786624475556e-01 1.924975075774456312e-01
-4.996386088199636921e-01 4.543214763472940843e-01 7.375318682647322710e-01
9.420113423349593673e-02 -4.152283139512632504e-01 9.048268307263628296e-01
6.903482019549214144e-01 3.563417011959949532e-01 6.296347767129379935e-01
9.277525253658945870e-01 -3.719288455958338346e-01 3.072760145139126486e-02
-6.864610939899636888e-01 -3.695551819599384724e-01 6.262588393984224178e-01
-4.698205032507948853e-02 3.899112973132403681e-01 9.196531232887525942e-01
5.509146004433063126e-01 -3.389666972603282979e-01 7.626235514110596414e-01
9.229009423885747854e-01 3.331064921898780895e-01 1.931163260815488003e-01
-7.861447427008073641e-01 3.189132836275867522e-01 5.294060455357040285e-01
-2.429620336847357898e-01 -3.449732486330672754e-01 9.066217005539439766e-01
3.847499893810767402e-01 3.719653324853302023e-01 8.447539506272456755e-01
8.929853375061660437e-01 -3.648248019464450653e-01 2.635906881582425476e-01
-8.646652956153164649e-01 -3.849442239155637102e-01 3.227566746521620122e-01
-2.980302583402473227e-01 3.373700025163204330e-01 8.929498566637341650e-01
2.064969633130895321e-01 -3.329249250707799757e-01 9.200652142153229462e-01
7.853446283250214988e-01 2.947119716877195650e-01 5.444067123988924894e-01
-9.370575038380297705e-01 2.810889889324674762e-01 2.071526364827735722e-01
-5.368171498625659011e-01 -2.973992758308497408e-01 7.895448171881807031e-01
1.669618913874194588e-01 3.545668517934165709e-01 9.200033013167077112e-01
7.720683752415800072e-01 -2.652065946095617521e-01 5.775602878725530909e-01
-9.525591101655258575e-01 -2.993612732584494673e-01 5.489963309295813748e-02
-6.124106713570479643e-01 3.730909770804458070e-01 6.969621886653307730e-01
-1.932277310138146714e-02 -3.498071218748921574e-01 9.366224468403887560e-01
6.211874639017960220e-01 2.765386666515242120e-01 7.332479120582969800e-01
9.420371086522297821e-01 -2.998531807002670635e-01 1.505129760056584665e-01
-7.785907680428244548e-01 -3.337062752705201585e-01 5.314475870333410512e-01
-1.696473841493602586e-01 2.797752954310565587e-01 9.449579615611185535e-01
4.412028421716484017e-01 -3.001370892884975827e-01 8.457291408560354551e-01
9.030126153617360485e-01 2.814684173532099876e-01 3.245670139281509048e-01
-8.621403670341103442e-01 2.177703211778032333e-01 4.574823217834824707e-01
-3.780182325609442451e-01 -1.379519278642427904e-01 9.154624413104224256e-01
3.087875128709213768e-01 1.705084073923842369e-01 9.357227981103716230e-01
8.835509568552355475e-01 -2.847620356157870569e-01 3.718175489566769576e-01
-9.179466117218014753e-01 -2.555168952427515072e-01 3.034553250051298390e-01
-5.195752050880321216e-01 3.257620201675531790e-01 7.898865187316997938e-01
9.256846681540098487e-02 -2.715781194185016290e-01 9.579542807485940115e-01
7.218819418050306247e-01 2.243114884521587304e-01 6.546532045626718421e-01
-9.488403070033228914e-01 3.058285607092008918e-01 7.855547886925805245e-02
-6.490314412239560626e-01 -2.676240093455117819e-01 7.121345223513517730e-01
4.987661514899736914e-02 3.011061981847193425e-01 9.522853462466086549e-01
6.590375210887179369e-01 -2.885929897117540111e-01 6.945384309643845011e-01
9.625014200331122316e-01 2.590884453516511532e-01 8.040021094192982554e-02
-7.141390334433393994e-01 2.822825327213130397e-01 6.405638240121384053e-01
-2.658087283254890187e-01 -2.132388676180421438e-01 9.401462148426495968e-01
4.157192531950573700e-01 2.423786050606080156e-01 8.766014569528262079e-01
9.395352525897926466e-01 -2.207379787673866278e-01 2.618172146187553451e-01
-8.560865432262205754e-01 -2.935615639615950512e-01 4.253674160903755386e-01
-2.930956759615044316e-01 2.072347207116688184e-01 9.333534674839031320e-01
3.283242434500291962e-01 -2.509437531484688955e-01 9.106209002206825387e-01
8.652927172009921009e-01 2.239047152135905661e-01 4.484809829458153985e-01
-9.600936394083151582e-01 1.468691069404195193e-01 2.380119093537542974e-01
-4.768709490601500400e-01 -2.050844855444465820e-01 8.547130815258658920e-01
1.821424640607026690e-01 2.244421022549263067e-01 9.573138803554896992e-01
8.542302894363351662e-01 -2.042955401491153289e-01 4.780731585068296874e-01
-9.610815306430534610e-01 -2.164295022920874612e-01 1.716990448267106117e-01
-6.273390951291191175e-01 2.414856767097023349e-01 7.403582427896884255e-01
-2.469691881382318072e-02 -2.035214728621850544e-01 9.787589449323619295e-01
6.414741013874591946e-01 1.415833878009864488e-01 7.539662602185506213e-01
9.725306397907638178e-01 -2.302941651216674490e-01 3.389324680643430315e-02
-7.466961196331050044e-01 -2.325749553479007636e-01 6.231803872634196217e-01
-5.436383453789639386e-02 2.283212175762582286e-01 9.720668676067666381e-01
5.547012282598970945e-01 -2.172321831542725068e-01 8.031915873370376602e-01
9.553808255051075005e-01 2.023608122920520780e-01 2.151687242739526162e-01
-7.993110439504957920e-01 1.836141993274346129e-01 5.721780149779556179e-01
-2.715571173394604743e-01 -6.791133384885056357e-02 9.600233240693438752e-01
4.306624440295828693e-01 1.086874743735961185e-01 8.959446926104062126e-01
9.181893495779644976e-01 -1.399706920904791874e-01 3.705894273684918194e-01
-8.992116916235917135e-01 -1.585319171866777233e-01 4.077817613387765827e-01
-4.149396918097282283e-01 2.678104822203837831e-01 8.695416020948815161e-01
2.115666291059023485e-01 -1.938792029597808109e-01 9.579407163851245688e-01
8.099657827795799792e-01 1.600980889764422599e-01 5.642021203720821720e-01
-9.787870788297311497e-01 1.764580063818382838e-01 1.041077629176081210e-01
-5.927758240922028632e-01 -1.628443490280999106e-01 7.887322361621997846e-01
6.852897744994998486e-02 1.577563448629546727e-01 9.850973124037770701e-01
7.259956741352929788e-01 -1.813407119555316693e-01 6.633595008170926066e-01
-9.847125698172990438e-01 -1.709071039523630542e-01 3.364396918360357258e-02
-7.210460265040382621e-01 1.465536629085832654e-01 6.772109357879677605e-01
-1.354172145514630776e-01 -2.779412087604941628e-01 9.510051853044116932e-01
5.340598095610458174e-01 1.935160069740791411e-01 8.230016250630539654e-01
9.774785560540866225e-01 -1.534907781059894616e-01 1.448318110459017316e-01
-8.302350028709998275e-01 -1.948747480790300468e-01 5.222390952130313568e-01
-1.696259885743859330e-01 1.434662425630142124e-01 9.750099800745696266e-01
4.440695540930967300e-01 -1.673462749618072620e-01 8.802257979541189270e-01
9.273097967154261267e-01 1.467109972207426838e-01 3.443434683714652889e-01
-9.236262617226489446e-01 1.143111609227463188e-01 3.658517283610107085e-01
-3.982200766638083755e-01 -3.458675586441536964e-04 9.172898401909302946e-01
3.204679796786120138e-01 2.997520149191568867e-02 9.467849604298896882e-01
8.797452621557214636e-01 -5.612567357792246081e-02 4.721209405226434175e-01
-9.512619110594234817e-01 -1.224857286231553627e-01 2.830159409842988860e-01
-5.262858500799938444e-01 1.934368673180513476e-01 8.280129119571486562e-01
9.133929915391937604e-02 -1.281053344334892041e-01 9.875455208342320823e-01
7.369367728563493980e-01 9.021722282735313014e-02 6.699142075798878437e-01
9.953764184663972392e-01 -9.542611930908014017e-02 1.093806722492315572e-02
-6.952733723182716874e-01 -1.285362886068426580e-01 7.071586528186983855e-01
-4.416053166145701009e-02 8.273475733656375508e-02 9.955926915018196155e-01
6.443472835845097668e-01 -1.368837892430305181e-01 7.523824867577215691e-01
9.869894763652077296e-01 1.239674542950358754e-01 1.023906432245701992e-01
-8.003616471796136667e-01 4.626136246713752342e-02 5.977299725349397574e-01
-1.515451745817573137e-01 -1.393366970883729294e-01 9.785802700368977369e-01
5.447717719365965383e-01 5.860194567819430878e-02 8.365342362771477358e-01
9.642270335439665496e-01 -7.471790353568333320e-02 2.543294372939056691e-01
-8.608523888215469100e-01 -5.643466117202622367e-02 5.057156253059962303e-01
-4.096204701341819576e-01 1.354813000240804866e-01 9.021396165731980776e-01
3.280444904037389531e-01 -1.123490363973009415e-01 9.379576250217006583e-01
8.811959897728327551e-01 8.640008340661052555e-02 4.647888264530552482e-01
-9.651108066646186812e-01 1.226872781744433628e-02 2.615542184269076809e-01
-5.032722252367365368e-01 -7.186787632575326878e-02 8.611341798219890320e-01
1.967845752457672293e-01 8.785530659095418249e-02 9.765025734984790207e-01
8.105438361724459639e-01 -1.182853225376621076e-01 5.736089888722250008e-01
-9.849418406324067510e-01 -8.574194711000163172e-02 1.501262437997848420e-01
-6.276824444836787142e-01 1.068150791075867662e-01 7.711065346385241881e-01
-3.476424083620377470e-02 -6.204447892997214109e-02 9.974677589743894401e-01
6.474178209352660085e-01 4.270106642997739330e-03 7.621233045411281992e-01
9.921295367499732842e-01 -1.386864691561334219e-02 1.244453411784207375e-01
-7.848740085200381911e-01 -9.216533574275939666e-02 6.127628755376026692e-01
-1.585889135686190388e-01 4.157670560541976146e-03 9.873359460024916379e-01
5.475252926732140368e-01 -7.871497467639090861e-02 8.330786317298064514e-01
9.696736279320177232e-01 6.623849259237270248e-02 2.352562802397612507e-01
-8.699881996343392654e-01 8.117740042712486004e-02 4.863442835655574781e-01
-2.865345995361476827e-01 7.088590507489489490e-02 9.554439343731124801e-01
4.376402426090637010e-01 -2.851395949717321077e-02 8.986979315447840566e-01
9.329155412309754203e-01 6.945194754526547165e-03 3.600282727780388381e-01
-9.214132037967605049e-01 -2.197174850145214992e-02 3.879625628031375673e-01
-5.187653898658655116e-01 6.117134421888290735e-02 8.527253584383259755e-01
2.077188896056997025e-01 -5.237578428831997368e-02 9.767853603126730455e-01
8.182892206652864209e-01 2.234355325909937601e-02 5.743722808168548744e-01
-9.907068903857272346e-01 4.592601618211175629e-02 1.280260066544415265e-01
-6.164758815634699962e-01 -2.771380318430105225e-02 7.868859082253312209e-01
8.124881793950437803e-02 1.428616403412890333e-02 9.965914584726397463e-01
7.380688905574555037e-01 -4.476199787624243753e-02 6.732389444598506634e-01
-9.991878803720916080e-01 -3.855744940943017784e-02 1.170054753274208173e-02
-7.156926235537616199e-01 9.436300384462192881e-03 6.983516484019980375e-01
9.146819637620713650e-02 -9.956908125386382258e-01 -1.527661211885036202e-02
3.198756067456066249e-02 9.984813069789592044e-01 -4.485393601102177774e-02
-6.579076954541370967e-03 -9.943520794715733357e-01 -1.059276063969355336e-01
-8.391069736172140914e-02 9.882641100747716623e-01 -1.276442071007895251e-01
-1.324268634920651999e-01 -9.900003148482026116e-01 -4.860558019521474260e-02
1.410898833766816296e-01 -9.808852692490962477e-01 -1.340064676755650941e-01
3.755058548890033432e-02 9.809635627194921437e-01 -1.905267491616909614e-01
-1.047529305753026052e-01 -9.747400330694001580e-01 -1.972528617479362700e-01
-2.019517322618085142e-01 9.783025475844591146e-01 -4.625606150778479447e-02
1.514219280838121073e-01 9.829084840010156032e-01 -1.047010590882738040e-01
3.465393011030230841e-02 -9.712642134692635043e-01 -2.354674770787748284e-01
-8.813835151526500100e-02 9.607920290191642732e-01 -2.628883945049852455e-01
-2.300247013848133459e-01 -9.628728653107397895e-01 -1.412957253462164831e-01
2.777259177691079328e-01 -9.589657164787384058e-01 -5.703568372279452930e-02
1.571433589058368052e-01 9.553214605388257175e-01 -2.503335210988652526e-01
-7.004655765675525669e-02 -9.411950893280270902e-01 -3.305227429168010600e-01
-2.106263329545964569e-01 9.600655625608719435e-01 -1.841484820756773277e-01
2.520970807929136526e-01 9.676381172281028897e-01 -1.111467241727799593e-02
2.585885152148504340e-01 -9.476063411564231709e-01 -1.875478658879262961e-01
3.550405435421263856e-02 9.442096035607907556e-01 -3.274258491139444005e-01
-2.030087484352265936e-01 -9.362793581526568376e-01 -2.866503297678406614e-01
-3.238116357564863601e-01 9.421311581485989350e-01 -8.680383283178430553e-02
2.682000283210226876e-01 9.494626862286588143e-01 -1.630624183190653997e-01
1.639375662566154856e-01 -9.467825058935234184e-01 -2.769970413268667553e-01
-2.148754496619645071e-01 9.240986696078081764e-01 -3.160224516733702305e-01
-3.484389032147572896e-01 -9.337547127303830186e-01 -8.180750075816328737e-02
3.819532420079648216e-01 -9.109514101360007832e-01 -1.558180005353574371e-01
1.575507658343485162e-01 9.090630044648960739e-01 -3.857229706645257661e-01
-1.686432858546054181e-01 -8.920241024494073301e-01 -4.193476395372832122e-01
-3.340131290083356297e-01 9.154385479686086846e-01 -2.245161342602938481e-01
3.676542263569068103e-01 9.273288753193380529e-01 -6.993945124803248314e-02
1.973415476353379827e-01 -8.975684540580143311e-01 -3.942425444530255341e-01
-9.041679528488930084e-02 9.153096158380048530e-01 -3.924705215489366350e-01
-3.262598624754299848e-01 -9.167493185327678651e-01 -2.304890216631133859e-01
4.084315180902304276e-01 -9.125924839259378363e-01 -1.893814437575267254e-02
2.754701011872270344e-01 9.116230909904264879e-01 -3.050566559263369615e-01
-3.568043852065057309e-02 -8.862278874026892073e-01 -4.618734002914008374e-01
-3.374342914387558623e-01 8.716058568014583008e-01 -3.555858958825848237e-01
-4.615425914158698406e-01 -8.868357288437833663e-01 -2.237915001153789260e-02
3.210978450941861517e-01 -8.999995983500121977e-01 -2.947827960476779863e-01
3.428397016240754963e-02 8.891511713032254072e-01 -4.563275183023761117e-01
-3.000030191241152000e-01 -8.793794492814432928e-01 -3.697160703808820004e-01
-4.410848301073381772e-01 8.888785230035957108e-01 -1.238512979024712080e-01
3.834752751415653194e-01 8.978023852847318853e-01 -2.165585147994567028e-01
6.038394714819902975e-02 -9.268630223587061012e-01 -3.705114258843959507e-01
-2.157971487617963979e-01 8.707572527000118079e-01 -4.418296022864547923e-01
-4.424476686627775157e-01 -8.803746648846132450e-01 -1.708230368661614595e-01
4.992054711386609278e-01 -8.579626049548837452e-01 -1.212190830036985606e-01
2.783002094752962119e-01 8.562471741834912775e-01 -4.351893497189380788e-01
-1.302751406283054192e-01 -8.287600759306715803e-01 -5.442289263514599185e-01
-4.508951973324989981e-01 8.537186018754808758e-01 -2.604958153872362070e-01
4.805160110660634531e-01 8.681269582291856191e-01 -1.243380372408248585e-01
3.197289784991925177e-01 -8.517619602219901331e-01 -4.150601684414632064e-01
-9.086799834241293672e-02 8.523124471781322598e-01 -5.150791194199845213e-01
-4.231245813625293950e-01 -8.510262988958847696e-01 -3.109981145189731899e-01
-5.268796593805809003e-01 8.497194536221616135e-01 -1.935651484793183413e-02
3.933363425719094142e-01 8.498645860705119626e-01 -3.507373760455973488e-01
1.012157265831851033e-01 -8.642666576231701203e-01 -4.927458992352060640e-01
-3.365649616656047338e-01 8.106447727418760740e-01 -4.791441108949395788e-01
-5.518807192267528583e-01 -8.265434020271422710e-01 -1.106963247409773754e-01
4.508246294534815068e-01 -8.533071514214213282e-01 -2.619619415319534572e-01
1.570257159245068701e-01 8.450417264167978670e-01 -5.111236691378260311e-01
-2.645881712769251881e-01 -8.261622090331354196e-01 -4.974425635043934757e-01
-5.514957785769448728e-01 8.184903541551263872e-01 -1.610153606548929139e-01
4.983359262396664935e-01 8.267415209218543781e-01 -2.610742465328069195e-01
2.324616973424019906e-01 -8.234708605967534512e-01 -5.175493223034225432e-01
-2.141244133408980177e-01 8.002356936842833779e-01 -5.601549519240636155e-01
-5.387737342961691489e-01 -8.049088849688964542e-01 -2.486856452043196830e-01
6.077510365833591610e-01 -7.897563876166611152e-01 -8.320772650742593035e-02
3.964349807609869325e-01 7.863300085799130867e-01 -4.738400823439799514e-01
6.733648430625161461e-03 -8.144110756611219193e-01 -5.802493066082087259e-01
-4.534087828643689200e-01 8.018890190286809272e-01 -3.890944317035022193e-01
5.709365673108233175e-01 8.203387880268701027e-01 -3.279800246874179509e-02
4.401501301968799296e-01 -8.105458488489736268e-01 -3.863719578351496042e-01
3.283558719960114058e-02 8.165757625564451505e-01 -5.763036076744768588e-01
-3.949312457348150285e-01 -8.050990163127089705e-01 -4.425436532983560989e-01
-6.340595885386380859e-01 7.709567471855416354e-01 -5.995108131887090519e-02
5.075628198099365607e-01 7.692527564737106083e-01 -3.881110415901407040e-01
1.406341384424295016e-01 -7.812226350516159323e-01 -6.082049272963556685e-01
-3.315546815793366520e-01 7.329940645774268848e-01 -5.939622836654593341e-01
-6.466653149299421699e-01 -7.405097822396058405e-01 -1.829459834869578139e-01
5.676031202381996987e-01 -7.915154134557061960e-01 -2.265613562766218281e-01
2.768494162599663966e-01 7.846279762582359929e-01 -5.547191537971453146e-01
-2.225004518204942439e-01 -7.563003159359917849e-01 -6.152262844310171230e-01
-5.603851519651283919e-01 7.739660096727942751e-01 -2.948645406422958914e-01
5.926259267032893963e-01 7.880412928721779453e-01 -1.666896269340526204e-01
3.723202108166690505e-01 -7.730161048885106911e-01 -5.136377733387859079e-01
-9.109965714459980490e-02 7.717508748177337452e-01 -6.293659028627138774e-01
-5.169259191804930209e-01 -7.668650263476525231e-01 -3.804019261836310561e-01
7.058034993649384692e-01 -7.071277377281673937e-01 -4.256504222541623861e-02
5.087029657451148656e-01 6.968936601374055018e-01 -5.055299388784157966e-01
4.632148994985259977e-02 -7.229001677841270235e-01 -6.893980468397822303e-01
-4.507199912778604989e-01 7.339886854025421403e-01 -5.080473394906556139e-01
-6.561074176310848216e-01 -7.527231311834962080e-01 -5.413819641235196461e-02
5.535944547999799292e-01 -7.535742448970472740e-01 -3.544841844745094117e-01
1.525958194867242379e-01 7.643614590291092359e-01 -6.264711292837576995e-01
-3.574527493987182947e-01 -7.449243229570643443e-01 -5.633074515877244393e-01
-6.531302800393433694e-01 7.301735644614411047e-01 -2.006673941062736832e-01
6.080501634401007660e-01 7.371896038138711083e-01 -2.946633448008329492e-01
2.837115173909754984e-01 -7.367167556235845183e-01 -6.138046895252348145e-01
-2.101467151744308981e-01 7.119637577117909899e-01 -6.700343019624463992e-01
-6.293039726707578829e-01 -7.108514410860892196e-01 -3.141126210241036443e-01
6.717598185357552820e-01 -7.166272082846644187e-01 -1.875744933271510373e-01
3.935795218854209465e-01 7.084275948783875787e-01 -5.858545064837059613e-01
-8.535993002084671377e-02 -7.486700994913179086e-01 -6.574243412549434229e-01
-5.628488745973386775e-01 7.136005901378493776e-01 -4.171035148730137254e-01
6.809447866430478058e-01 7.288622246620382050e-01 -7.123240136594274907e-02
4.974326774697032105e-01 -7.204366783102790217e-01 -4.832512016855970427e-01
2.677739121766256614e-02 7.264813410537646066e-01 -6.866642792662946970e-01
-4.865275167236277620e-01 -7.142163915503508820e-01 -5.031758355799055282e-01
-7.293161635886661331e-01 6.767055690984624672e-01 -1.008340531736974383e-01
6.135016746023814749e-01 6.715712152611593710e-01 -4.154609465313476857e-01
1.894719583365979121e-01 -6.881677637559738825e-01 -7.003752607932384189e-01
-4.411554085874706543e-01 6.511629400215350749e-01 -6.175505898438869989e-01
-7.291649638970389979e-01 -6.464277269983215168e-01 -2.246099935283674687e-01
6.582851178701575323e-01 -6.826709011023474050e-01 -3.172083611426121386e-01
2.700423930937480566e-01 6.982551051728221880e-01 -6.629607183176788876e-01
-3.113349367254353850e-01 -6.705888291261271617e-01 -6.733358593045665197e-01
-6.623853047345791278e-01 6.730358473468780467e-01 -3.290417241897271583e-01
6.970398821671327516e-01 6.903405970311500273e-01 -1.938176017783344585e-01
4.218590599637211391e-01 -6.798554089077667451e-01 -5.998596139976242192e-01
-9.579158259143161214e-02 6.713822432898378656e-01 -7.348944523533524897e-01
-6.048077957503655844e-01 -6.647734192326918423e-01 -4.385018030536020350e-01
7.630493266564829513e-01 -6.295580875063888637e-01 -1.463295579996945484e-01
5.039244293532518792e-01 6.104614131464336513e-01 -6.110622166033986558e-01
-4.506897981985898832e-02 -6.448657893928299023e-01 -7.629658581671656670e-01
-5.572238443302465205e-01 6.400387638827715886e-01 -5.290103666632959278e-01
-7.471921754516768210e-01 -6.604892801710881001e-01 -7.387667915430615184e-02
6.118483027327170642e-01 -6.528319354211563619e-01 -4.466006253212825849e-01
1.426541435685959314e-01 6.683037378411059715e-01 -7.300821250450642008e-01
-4.462952943380305570e-01 -6.493480267971547537e-01 -6.157659054757514960e-01
-7.469924063561772520e-01 6.234881612850131649e-01 -2.307918057116435939e-01
7.062453184033263831e-01 6.317417873435605680e-01 -3.195619882860720740e-01
3.307105234125631843e-01 -6.371095597066275262e-01 -6.962197631743985982e-01
-3.199504895770067248e-01 6.385277252187050445e-01 -6.999385889822474782e-01
-7.112694842998613654e-01 -6.048601943961029459e-01 -3.581059423395788754e-01
7.521826360848723469e-01 -5.982364079721389505e-01 -2.762869561687719688e-01
3.849761733461322666e-01 6.180820769338947196e-01 -6.853961570718438701e-01
-1.728245000591622227e-01 -6.702689269838818520e-01 -7.217141107801455790e-01
-6.610989844118145831e-01 6.015371540159412111e-01 -4.484430679005631526e-01
7.714965878550664735e-01 6.340172658813809647e-01 -5.305771849870647566e-02
5.468546731163237418e-01 -6.167261284570559887e-01 -5.662144902501254906e-01
1.727826206309948306e-02 6.191195388090161567e-01 -7.851066541082108996e-01
-5.696054722976542362e-01 -6.062280570133039559e-01 -5.550109447735608326e-01
7.922992160967904374e-01 -6.101325097845925471e-01 -5.221842257187725303e-04
6.131001349895590646e-01 5.913578020798787582e-01 -5.238360186117783091e-01
9.331178128729443466e-02 -6.237139391830566204e-01 -7.760630345157192300e-01
-5.445615822508166337e-01 5.544113747777676959e-01 -6.293494344587217126e-01
-8.084077069264816728e-01 -5.714831268998548097e-01 -1.410106912635779863e-01
7.138974776433004710e-01 -5.709746084272844246e-01 -4.053867140716904127e-01
2.567869273125884533e-01 5.987901809566511524e-01 -7.586242766688002792e-01
-3.973790783997922516e-01 -5.727690690240657689e-01 -7.169556901367313273e-01
-7.506436540984731121e-01 5.574478674159323299e-01 -3.546631918808618167e-01
7.808196211464177861e-01 5.902912783481959469e-01 -2.046385250602076045e-01
3.746864054037708502e-01 -5.263876596312390133e-01 -7.632339938665912982e-01
-2.084606385178941201e-01 6.003251951097172689e-01 -7.721099807055933351e-01
-6.812473847250154479e-01 -5.511928657496494299e-01 -4.817555661868534456e-01
8.342856296841514308e-01 -5.018433855332059546e-01 -2.282995937339549475e-01
4.898679245489416245e-01 5.119867878693297181e-01 -7.056195473095671078e-01
-1.340570244635155284e-01 -5.543577182727622565e-01 -8.214111238493213563e-01
-6.507281751106033241e-01 5.161317591021641338e-01 -5.569208645430063775e-01
-8.534590647998030466e-01 -5.202104063454205951e-01 -3.144452004686782570e-02
6.577387022856510113e-01 -5.383915274565928000e-01 -5.267963199174274802e-01
1.288618925250502589e-01 5.566931207639282952e-01 -8.206627699298784107e-01
-5.243266780259342452e-01 -5.355358640214891164e-01 -6.620293596639392764e-01
-8.173579120659217878e-01 5.619819379866012321e-01 -1.268950155051829232e-01
7.106828111860820085e-01 5.552323705231941853e-01 -4.320265693309174870e-01
2.332882097026071910e-01 -5.825406984009029454e-01 -7.786032018431086055e-01
-4.232050318114747300e-01 5.544707280878261590e-01 -7.165610321132489524e-01
-8.009416806429898728e-01 -5.324060016822499408e-01 -2.739274969430832707e-01
8.034934375204980661e-01 -4.769906347460539653e-01 -3.561997055389715672e-01
3.683641997219047060e-01 5.174582651002175293e-01 -7.723631012954423891e-01
-2.570118369016936577e-01 -5.820246282274874616e-01 -7.714870367213386704e-01
-7.445694289581078484e-01 4.765683158759271287e-01 -4.674387722089168862e-01
8.389874315392041870e-01 5.352981514775804195e-01 -9.775468655739474877e-02
4.667207963163924611e-01 -5.737494720096365519e-01 -6.730402971995478323e-01
-9.614098179242977493e-02 5.507235492610076388e-01 -8.291323681471771678e-01
-6.390155594990114540e-01 -4.859341635375840629e-01 -5.962609356860415488e-01
8.413450705502015792e-01 -5.309270759598405665e-01 -1.012665407408098045e-01
6.033698600156395253e-01 5.000159746186955134e-01 -6.212317097112988185e-01
4.792418780370315788e-03 -5.349591247579784659e-01 -8.448643486148597059e-01
-5.210089526546480831e-01 4.604287445807298540e-01 -7.187176374749124630e-01
-8.734507096463329789e-01 -4.569588754763952987e-01 -1.681441165835596552e-01
7.555423279189709129e-01 -4.475402892706217273e-01 -4.783967811371126477e-01
2.383420765903700722e-01 4.855421109999456530e-01 -8.410956622003864513e-01
-4.681569412868174518e-01 -4.539433627438273500e-01 -7.581322455520523862e-01
-8.264902080311274934e-01 5.030379633818840013e-01 -2.527187041460720041e-01
7.926672819367019951e-01 5.157419772404341352e-01 -3.250981283538992850e-01
2.773379042458785082e-01 -4.684440396308805488e-01 -8.388348279624576742e-01
-3.163359162996226548e-01 5.182067950495272690e-01 -7.946026086185316029e-01
-7.782901861503209728e-01 -4.842342974877723027e-01 -3.997268208146939616e-01
8.818949434744280946e-01 -3.826999278553007700e-01 -2.753217642936767739e-01
4.618172235960010252e-01 4.015311701233946207e-01 -7.908840442248273872e-01
-2.264475040202253708e-01 -4.547506299380886241e-01 -8.613497503882622253e-01
-7.215035256147561693e-01 3.858247263583780562e-01 -5.749538616758388399e-01
9.035487107866130296e-01 4.218506903973460731e-01 -7.511139891608978325e-02
5.857780847385621881e-01 -4.996972789029792694e-01 -6.380961251229942954e-01
1.652392663205167270e-02 4.908648735317239220e-01 -8.710790066241657081e-01
-5.846633658047976079e-01 -4.083110776332853908e-01 -7.010355287485440234e-01
-8.726502007462534349e-01 4.880407996516666902e-01 -1.725702792734926799e-02
7.050782978566413339e-01 4.668603991241320195e-01 -5.337658303237828861e-01
1.321809309386985654e-01 -5.112077545835960191e-01 -8.492319077553415196e-01
-4.228177484907411077e-01 4.266695895784754500e-01 -7.994862180739300550e-01
-8.607162398326785313e-01 -4.105210221016042382e-01 -3.010648516531763685e-01
8.425813412992999574e-01 -3.519052631439311685e-01 -4.077000969657391671e-01
3.453006899294800980e-01 4.056477666119990833e-01 -8.462962383095662400e-01
-3.392472484390509635e-01 -4.852506874059042130e-01 -8.058803104671501405e-01
-8.262674453207732306e-01 4.282165074012555528e-01 -3.659408853792556204e-01
8.588080204222297009e-01 4.657017692064798209e-01 -2.134728231330764447e-01
4.030165096048639040e-01 -4.009363877386526442e-01 -8.226953907571097346e-01
-2.063296102681811128e-01 4.717436402376198878e-01 -8.572549386395738047e-01
-7.415055377787350688e-01 -4.257320981909354929e-01 -5.185766269447675825e-01
9.007029577016288924e-01 -4.145220773787461344e-01 -1.300216495555507612e-01
5.808308475065889764e-01 4.001835766678218942e-01 -7.088643252062605260e-01
-7.468656774713389179e-02 -4.447523031742777189e-01 -8.925342040612943562e-01
-6.283827864953870357e-01 4.170549069206080928e-01 -6.566584182432566585e-01
-9.186479710038938373e-01 -3.909012862068076410e-01 -5.728952620062791046e-02
6.915563962548596511e-01 -4.130150488632120531e-01 -5.925945664714705741e-01
1.291604528170459121e-01 4.218578832056089079e-01 -8.974149005924619837e-01
-5.089468719629288707e-01 -3.260123293411085199e-01 -7.966737366304569301e-01
-8.871580772928248093e-01 4.369627632875859313e-01 -1.483714574780994055e-01
7.925998759031913643e-01 4.293400185741607644e-01 -4.329579484996031180e-01
1.740647650332676766e-01 -4.000958104281698846e-01 -8.997915314403327480e-01
-3.169384742557647128e-01 3.847564900049583736e-01 -8.668981756443442377e-01
-8.309698440351448445e-01 -3.570793087877621175e-01 -4.265952244691226247e-01
9.085427524816219735e-01 -2.497311830839511193e-01 -3.349394021440419422e-01
3.792172587688111829e-01 2.849733894271130330e-01 -8.803320043996420985e-01
-2.894956601717997846e-01 -3.101854127406744044e-01 -9.055259645446900318e-01
-8.107695302286702654e-01 3.457687460076523389e-01 -4.723311795097556720e-01
9.190790295417556877e-01 3.438581786624476111e-01 -1.924975075774457145e-01
4.996386088199636921e-01 -4.543214763472940287e-01 -7.375318682647322710e-01
-9.420113423349593673e-02 4.152283139512630283e-01 -9.048268307263629406e-01
-6.903482019549214144e-01 -3.563417011959951197e-01 -6.296347767129378825e-01
-9.277525253658944759e-01 3.719288455958340012e-01 -3.072760145139136548e-02
6.864610939899636888e-01 3.695551819599384724e-01 -6.262588393984224178e-01
4.698205032507944690e-02 -3.899112973132403681e-01 -9.196531232887525942e-01
-5.509146004433062016e-01 3.389666972603282979e-01 -7.626235514110597524e-01
-9.229009423885747854e-01 -3.331064921898782005e-01 -1.931163260815489113e-01
7.861447427008074751e-01 -3.189132836275867522e-01 -5.294060455357039174e-01
2.429620336847358453e-01 3.449732486330673864e-01 -9.066217005539439766e-01
-3.847499893810767402e-01 -3.719653324853302023e-01 -8.447539506272456755e-01
-8.929853375061659326e-01 3.648248019464452319e-01 -2.635906881582424366e-01
8.646652956153164649e-01 3.849442239155637102e-01 -3.227566746521621233e-01
2.980302583402472116e-01 -3.373700025163202665e-01 -8.929498566637342760e-01
-2.064969633130895321e-01 3.329249250707799201e-01 -9.200652142153229462e-01
-7.853446283250216098e-01 -2.947119716877196205e-01 -5.444067123988923784e-01
9.370575038380297705e-01 -2.810889889324674762e-01 -2.071526364827736555e-01
5.368171498625657900e-01 2.973992758308496298e-01 -7.895448171881808141e-01
-1.669618913874195976e-01 -3.545668517934167929e-01 -9.200033013167076001e-01
-7.720683752415800072e-01 2.652065946095618632e-01 -5.775602878725529798e-01
9.525591101655258575e-01 2.993612732584493563e-01 -5.489963309295824156e-02
6.124106713570477423e-01 -3.730909770804456960e-01 -6.969621886653308840e-01
1.932277310138142551e-02 3.498071218748919908e-01 -9.366224468403887560e-01
-6.211874639017962441e-01 -2.765386666515241565e-01 -7.332479120582968690e-01
-9.420371086522297821e-01 2.998531807002672855e-01 -1.505129760056585775e-01
7.785907680428245659e-01 3.337062752705201585e-01 -5.314475870333409402e-01
1.696473841493603141e-01 -2.797752954310566142e-01 -9.449579615611185535e-01
-4.412028421716485127e-01 3.001370892884976938e-01 -8.457291408560353441e-01
-9.030126153617359375e-01 -2.814684173532101541e-01 -3.245670139281510158e-01
8.621403670341104553e-01 -2.177703211778032610e-01 -4.574823217834823597e-01
3.780182325609444116e-01 1.379519278642428737e-01 -9.154624413104223146e-01
-3.087875128709213213e-01 -1.705084073923841537e-01 -9.357227981103716230e-01
-8.835509568552355475e-01 2.847620356157871679e-01 -3.718175489566770131e-01
9.179466117218014753e-01 2.555168952427515072e-01 -3.034553250051297280e-01
5.195752050880322326e-01 -3.257620201675532345e-01 -7.898865187316997938e-01
-9.256846681540092936e-02 2.715781194185014069e-01 -9.579542807485941225e-01
-7.218819418050304026e-01 -2.243114884521587860e-01 -6.546532045626719531e-01
9.488403070033228914e-01 -3.058285607092008918e-01 -7.855547886925814960e-02
6.490314412239559516e-01 2.676240093455117264e-01 -7.121345223513518841e-01
-4.987661514899734833e-02 -3.011061981847193980e-01 -9.522853462466086549e-01
-6.590375210887180479e-01 2.885929897117539555e-01 -6.945384309643845011e-01
-9.625014200331122316e-01 -2.590884453516509867e-01 -8.040021094192992268e-02
7.141390334433393994e-01 -2.822825327213129287e-01 -6.405638240121385163e-01
2.658087283254889077e-01 2.132388676180420606e-01 -9.401462148426497079e-01
-4.157192531950573144e-01 -2.423786050606080711e-01 -8.766014569528262079e-01
-9.395352525897925355e-01 2.207379787673864890e-01 -2.618172146187554006e-01
8.560865432262206864e-01 2.935615639615950512e-01 -4.253674160903754276e-01
2.930956759615043206e-01 -2.072347207116687351e-01 -9.333534674839031320e-01
-3.283242434500290852e-01 2.509437531484688955e-01 -9.106209002206825387e-01
-8.652927172009921009e-01 -2.239047152135905661e-01 -4.484809829458152874e-01
9.600936394083151582e-01 -1.468691069404194638e-01 -2.380119093537543806e-01
4.768709490601501511e-01 2.050844855444466097e-01 -8.547130815258657810e-01
-1.821424640607026968e-01 -2.244421022549263900e-01 -9.573138803554896992e-01
-8.542302894363352772e-01 2.042955401491153844e-01 -4.780731585068295764e-01
9.610815306430533500e-01 2.164295022920874889e-01 -1.716990448267107228e-01
6.273390951291191175e-01 -2.414856767097022516e-01 -7.403582427896884255e-01
2.469691881382313214e-02 2.035214728621844438e-01 -9.787589449323620405e-01
-6.414741013874593056e-01 -1.415833878009863100e-01 -7.539662602185506213e-01
-9.725306397907638178e-01 2.302941651216673102e-01 -3.389324680643440030e-02
7.466961196331050044e-01 2.325749553479007914e-01 -6.231803872634195107e-01
5.436383453789638692e-02 -2.283212175762582841e-01 -9.720668676067666381e-01
-5.547012282598972055e-01 2.172321831542724235e-01 -8.031915873370375492e-01
-9.553808255051075005e-01 -2.023608122920521057e-01 -2.151687242739527273e-01
7.993110439504957920e-01 -1.836141993274346129e-01 -5.721780149779556179e-01
2.715571173394606408e-01 6.791133384885060520e-02 -9.600233240693438752e-01
-4.306624440295827583e-01 -1.086874743735960769e-01 -8.959446926104063236e-01
-9.181893495779644976e-01 1.399706920904793261e-01 -3.705894273684918749e-01
8.992116916235917135e-01 1.585319171866777233e-01 -4.077817613387766382e-01
4.149396918097283393e-01 -2.678104822203838387e-01 -8.695416020948814051e-01
-2.115666291059023485e-01 1.938792029597808664e-01 -9.579407163851245688e-01
-8.099657827795798681e-01 -1.600980889764424264e-01 -5.642021203720820610e-01
9.787870788297310387e-01 -1.764580063818382560e-01 -1.041077629176082181e-01
5.927758240922029742e-01 1.628443490280999384e-01 -7.887322361621996736e-01
-6.852897744995006812e-02 -1.577563448629548393e-01 -9.850973124037770701e-01
-7.259956741352932008e-01 1.813407119555316416e-01 -6.633595008170924956e-01
9.847125698172990438e-01 1.709071039523630542e-01 -3.364396918360366973e-02
7.210460265040382621e-01 -1.465536629085832654e-01 -6.772109357879677605e-01
1.354172145514631331e-01 2.779412087604943293e-01 -9.510051853044116932e-01
-5.340598095610458174e-01 -1.935160069740791688e-01 -8.230016250630539654e-01
-9.774785560540866225e-01 1.534907781059896004e-01 -1.448318110459018426e-01
8.302350028709998275e-01 1.948747480790299913e-01 -5.222390952130313568e-01
1.696259885743860996e-01 -1.434662425630143512e-01 -9.750099800745696266e-01
-4.440695540930968410e-01 1.673462749618073175e-01 -8.802257979541189270e-01
-9.273097967154261267e-01 -1.467109972207428503e-01 -3.443434683714653999e-01
9.236262617226488336e-01 -1.143111609227463327e-01 -3.658517283610108195e-01
3.982200766638083755e-01 3.458675586441536964e-04 -9.172898401909302946e-01
-3.204679796786115142e-01 -2.997520149191564356e-02 -9.467849604298899102e-01
-8.797452621557215746e-01 5.612567357792233591e-02 -4.721209405226433065e-01
9.512619110594234817e-01 1.224857286231553627e-01 -2.830159409842989970e-01
5.262858500799938444e-01 -1.934368673180513476e-01 -8.280129119571487673e-01
-9.133929915391933441e-02 1.281053344334891764e-01 -9.875455208342320823e-01
-7.369367728563493980e-01 -9.021722282735297749e-02 -6.699142075798877327e-01
-9.953764184663972392e-01 9.542611930908014017e-02 -1.093806722492325460e-02
6.952733723182717984e-01 1.285362886068426580e-01 -7.071586528186983855e-01
4.416053166145700315e-02 -8.273475733656375508e-02 -9.955926915018196155e-01
-6.443472835845097668e-01 1.368837892430304071e-01 -7.523824867577214581e-01
-9.869894763652077296e-01 -1.239674542950358338e-01 -1.023906432245702963e-01
8.003616471796137777e-01 -4.626136246713753036e-02 -5.977299725349396464e-01
1.515451745817573137e-01 1.393366970883729294e-01 -9.785802700368977369e-01
-5.447717719365964273e-01 -5.860194567819430878e-02 -8.365342362771478468e-01
-9.642270335439665496e-01 7.471790353568326382e-02 -2.543294372939055581e-01
8.608523888215470210e-01 5.643466117202623061e-02 -5.057156253059961193e-01
4.096204701341821242e-01 -1.354813000240804866e-01 -9.021396165731979666e-01
-3.280444904037391196e-01 1.123490363973009137e-01 -9.379576250217005473e-01
-8.811959897728327551e-01 -8.640008340661044228e-02 -4.647888264530551372e-01
9.651108066646186812e-01 -1.226872781744433628e-02 -2.615542184269075698e-01
5.032722252367366478e-01 7.186787632575331042e-02 -8.611341798219890320e-01
-1.967845752457673403e-01 -8.785530659095426576e-02 -9.765025734984790207e-01
-8.105438361724459639e-01 1.182853225376619966e-01 -5.736089888722248897e-01
9.849418406324066400e-01 8.574194711000164559e-02 -1.501262437997849530e-01
6.276824444836788253e-01 -1.068150791075867939e-01 -7.711065346385240771e-01
3.476424083620303224e-02 6.204447892997082270e-02 -9.974677589743895512e-01
-6.474178209352661195e-01 -4.270106642997768820e-03 -7.621233045411280882e-01
-9.921295367499732842e-01 1.386864691561322423e-02 -1.244453411784208346e-01
7.848740085200380801e-01 9.216533574275938279e-02 -6.127628755376026692e-01
1.585889135686184281e-01 -4.157670560541958799e-03 -9.873359460024917489e-01
-5.475252926732140368e-01 7.871497467639086698e-02 -8.330786317298064514e-01
-9.696736279320177232e-01 -6.623849259237261922e-02 -2.352562802397613340e-01
8.699881996343393764e-01 -8.117740042712484616e-02 -4.863442835655573671e-01
2.865345995361479048e-01 -7.088590507489495041e-02 -9.554439343731123691e-01
-4.376402426090637565e-01 2.851395949717325240e-02 -8.986979315447840566e-01
-9.329155412309754203e-01 -6.945194754526446551e-03 -3.600282727780387271e-01
9.214132037967603939e-01 2.197174850145214645e-02 -3.879625628031376228e-01
5.187653898658654006e-01 -6.117134421888287960e-02 -8.527253584383260865e-01
-2.077188896056996470e-01 5.237578428831991123e-02 -9.767853603126730455e-01
-8.182892206652864209e-01 -2.234355325909932397e-02 -5.743722808168548744e-01
9.907068903857271236e-01 -4.592601618211175629e-02 -1.280260066544416375e-01
6.164758815634699962e-01 2.771380318430105225e-02 -7.868859082253312209e-01
-8.124881793950448905e-02 -1.428616403412891721e-02 -9.965914584726397463e-01
-7.380688905574556147e-01 4.476199787624235427e-02 -6.732389444598505523e-01
9.991878803720916080e-01 3.855744940943017784e-02 -1.170054753274218061e-02
7.156926235537616199e-01 -9.436300384462192881e-03 -6.983516484019980375e-01
